!
!     ZIMS FILE NAME :  Top_EMI5_200
!     FORMATTED FILE CREATION DATE: 08/03/2022
!     FORMATTED FILE CREATION TIME: 10:37
!     COORDINATE REFERENCE SYSTEM: CardonIV_LaCanoa_WGS84
!
@Grid HEADER, GRID, 5
 15,  0.1000000E+31,  ,  7,  1
   87,  82,  323282.8533,  339482.8533,  1315407.0366,  1332607.0366
   0.0000,  200.0000,  200.0000
@
-9072.4014	-9083.1006	-9086.9785	-9125.1768	-9167.7041
-9214.1152	-9280.4795	-9313.1074	-9320.3711	-9353.2168
-9392.1875	-9400.2852	-9459.3818	-9537.8428	-9600.8164
-9669.4775	-9723.4043	-9746.9521	-9782.8066	-9811.4932
-9820.5273	-9796.2197	-9747.3965	-9701.583	-9656.0859
-9077.4453	-9057.5518	-9041.5137	-9056.4082	-9104.6123
-9173.5996	-9253.0313	-9312.7158	-9344.4014	-9357.4473
-9382.7695	-9389.7744	-9454.29	-9523.5586	-9590.0508
-9680.3896	-9757.5342	-9805.9502	-9850.2373	-9876.7979
-9872.1592	-9855.2588	-9817.8799	-9776.6279	-9719.5518
-9138.7041	-9085.29	-9027.7314	-9015.0498	-9022.9004
-9028.0283	-9056.6846	-9056.2168	-9036.1289	-9052.1348
-9153.4121	-9238.9756	-9302.8096	-9328.4219	-9333.6318
-9343.8408	-9358.5791	-9424.4092	-9497.375	-9577.9834
-9648.6885	-9731.1563	-9799.7061	-9854.1943	-9883.0361
-9883.874	-9863.2051	-9839.5781	-9807.3252	-9759.7061
-9726.2646	-9766.4434	-9776.9287	-9736.9736	-9747.0947
-9197.2051	-9128.5596	-9020.627	-8977.4854	-8966.2305
-8977.8848	-9022.2168	-9053.8232	-9040.7461	-9034.2314
-9087.1387	-9187.1563	-9247.6133	-9269.9365	-9290.124
-9302.4697	-9316.4727	-9376.9336	-9466.8447	-9565.918
-9649.46	-9716.626	-9776.6152	-9837.4297	-9871.5664
-9888.0176	-9872.2793	-9843.4854	-9803.7275	-9774.1396
-9748.9121	-9766.1602	-9794.2568	-9758.0947	-9735.3994
-9864.7822	-9990.8164	-10023.6484	-10044.5322	-10105.209
-9238.8145	-9170.3867	-9074.4072	-8997.5303	-8986.6201
-8986.3145	-9002.0332	-9037.0088	-9055.5586	-9030.3369
-9043.4414	-9113.4287	-9175.3174	-9212.5039	-9248.8252
-9266.7842	-9269.3887	-9320.335	-9414.4717	-9502.2646
-9587.8164	-9665.9551	-9743.5381	-9811.5303	-9858.5762
-9877.5732	-9886.8818	-9871.9971	-9822.9316	-9800.4941
-9783.0322	-9764.7822	-9770.5117	-9753.3916	-9727.8369
-9836.667	-10005.5879	-10085.3135	-10133.3477	-10178.4678
-9247.6816	-9200.0957	-9160.5879	-9092.792	-9032.8145
-9027.2168	-9020.834	-9021.0049	-9033.6523	-9006.4531
-8983.1006	-8954.7627	-9074.3506	-9140.6563	-9202.0029
-9213.2891	-9202.5537	-9258.4268	-9348.3564	-9434.0068
-9515.8135	-9591.1006	-9684.251	-9768.292	-9827.7969
-9853.3535	-9885.7666	-9889.1719	-9859.9053	-9845.2305
-9833.9346	-9820.9404	-9806.7588	-9778.9121	-9758.3174
-9851.3564	-10036.7188	-10122.3457	-10182.7051	-10235.4219
-9264.3877	-9261.0645	-9227.7529	-9178.4648	-9074.7305
-9062.3857	-9044.3857	-9029.6904	-9020.4326	-9005.3623
-8965.7061	-8924.1387	-8963.3086	-9040.958	-9130.8604
-9172.6309	-9171.8945	-9213.7197	-9305.8486	-9389.6621
-9464.0684	-9544.334	-9644.8242	-9735.1826	-9804.3154
-9840.5068	-9875.6416	-9879.3867	-9832.8584	-9815.8535
-9818.3662	-9824.8828	-9816.0381	-9795.6143	-9788.1992
-9876.1475	-10040.9639	-10127.8252	-10208.2197	-10282.1133
-9320.9307	-9331.6299	-9299.6172	-9259.3438	-9132.0264
-9089.9492	-9058.667	-9039.1094	-9008.9873	-9004.0664
-8971.751	-8938.4746	-8951.0264	-8964.0967	-9054.8691
-9123.1104	-9145.2939	-9167.1963	-9245.4951	-9336.084
-9403.0879	-9483.7373	-9577.9727	-9670.9219	-9738.0225
-9783.835	-9833.1699	-9827.9326	-9764.3564	-9759.1289
-9768.1475	-9778.624	-9770.5996	-9765.1787	-9784.2998
-9871.9619	-9999.5234	-10096.7246	-10177.2676	-10285.8066
-10334.085	-10337.4404	-10408.9004	-10476.5352	-10489.6025
-9363.9893	-9353.6113	-9334.4922	-9292.0566	-9213.2393
-9095.0791	-9064.0176	-9031.8994	-8993.8623	-8978.6396
-8960.0879	-8920.9658	-8939.3672	-8939.5684	-9014.4365
-9079.2549	-9082.248	-9112.2734	-9174.8145	-9237.5469
-9311.9453	-9409.5498	-9511.1455	-9601.6943	-9679.7529
-9739.0752	-9784.2607	-9766.1309	-9676.5059	-9684.6592
-9703.3613	-9702.7168	-9687.0479	-9689.2646	-9746.9805
-9855.0098	-9973.0879	-10076.1445	-10155.1992	-10255.9326
-10355.3633	-10340.9102	-10365.9443	-10424.6367	-10470.582
-9040.4404	-9054.8359	-9084.0674	-9104.2559	-9247.3154
-9374.0264	-9338.1182	-9337.2168	-9320.9258	-9263.9219
-9135.8623	-9068.7549	-9028.8711	-8996.1484	-8951.0264
-8928.4355	-8907.8623	-8888.5605	-8921.3623	-8999.6924
-9041.4395	-9035.6406	-9081.8975	-9162.0684	-9227.333
-9306.2949	-9386.1367	-9482.9688	-9575.1436	-9660.3477
-9726.748	-9773.2197	-9751.5654	-9640.1572	-9632.2617
-9631.3584	-9606.8037	-9591.8506	-9616.9619	-9687.583
-9790.5293	-9933.1377	-10033.0879	-10108.5107	-10217.626
-10336.9502	-10360.5879	-10385.9844	-10392.0234	-10435.8242
-8945.1748	-8972.5664	-9045.0723	-9084.6914	-9122.3408
-9263.7764	-9323.3555	-9312.1016	-9327.0508	-9308.1143
-9200.8486	-9065.6816	-9024.458	-8997.4668	-8924.3457
-8882.8242	-8871.4639	-8830.8975	-8871.7861	-8956.7822
-8995.7148	-8993.7051	-9037.123	-9133.3467	-9217.7275
-9303.0566	-9378.6006	-9474.126	-9558.0195	-9629.7363
-9689.9053	-9729.3701	-9704.2363	-9659.2598	-9596.1377
-9569.6768	-9558.3076	-9578.3906	-9584.123	-9630.8096
-9733.4746	-9869.7607	-9975.9863	-10026.8828	-10119.335
-10274.9404	-10336.3154	-10413.8018	-10375.4551	-10379.541
-8926.416	-8950.8574	-9042.7832	-9097.5127	-9094.7295
-9139.4551	-9286.0156	-9309.7031	-9338.3828	-9316.5146
-9244.8984	-9081.7217	-9021.502	-8995.3018	-8921.6328
-8854.8291	-8830.1758	-8783.5811	-8809.3799	-8896.0508
-8936.7334	-8959.3447	-8993.5586	-9082.1641	-9164.0557
-9260.7754	-9343.9141	-9430.6211	-9509.2432	-9576.7178
-9633.4678	-9649.9346	-9641.3955	-9630.9238	-9576.1865
-9555.7725	-9560.2666	-9570.2813	-9560.1553	-9584.9492
-9668.8887	-9822.9043	-9922.8008	-9973.3467	-10037.0391
-10223.2305	-10323.8574	-10390.0117	-10390.1074	-10365.4795
-10412.7109	-10501.8135	-10585.875	-10633.8877	-10651.625
-9072.1934	-9156.3135	-9334.7119	-9350.9004	-9322.4873
-9288.8359	-9092.7373	-9020.9932	-8979.6514	-8915.3643
-8844.083	-8794.6943	-8750.7842	-8752.8125	-8824.9092
-8871.7813	-8933.7715	-8971.3545	-9041.6836	-9127.8799
-9219.6436	-9312.2256	-9405.749	-9485.5918	-9551.9307
-9568.9082	-9564.5459	-9587.584	-9594.208	-9590.6436
-9600.0195	-9570.2217	-9564.292	-9543.2715	-9558.6348
-9627.3164	-9779.4668	-9886.6582	-9941.9453	-10017.875
-10189.4297	-10298.1904	-10301.8535	-10337.8896	-10368.0576
-10428.6162	-10456.2656	-10518.0176	-10579.6729	-10626.0254
-9047.9551	-9130.3848	-9364.2422	-9354.3877	-9332.3184
-9294.4863	-9205.5693	-9028.8955	-8972.8047	-8892.3369
-8828.4834	-8772.4941	-8745.4346	-8726.6436	-8776.0098
-8844.7881	-8938.7959	-8977.5479	-9032.9863	-9120.3359
-9207.2539	-9292.2627	-9373.3076	-9449.4453	-9486.3516
-9475.3301	-9497.3398	-9528.8027	-9547.6357	-9577.2139
-9614.6816	-9643.4707	-9580.79	-9523.0293	-9542.0879
-9593.7109	-9690.9648	-9826.3984	-9866.3887	-9938.3477
-10018.0137	-10219.3291	-10192.0352	-10232.3838	-10312.2715
-10392.7246	-10412.2432	-10418.9678	-10480.3271	-10575.8867
-10960.8535	-11002.9111	-11054.6758	-11113.9023	-11172.7168
-9002.7393	-9011.6172	-9120.5557	-9328.9219	-9341.1055
-9304.7637	-9265.1494	-9060.4883	-8987.4307	-8900.2822
-8838.2246	-8788.1113	-8754.0117	-8744.0234	-8766.623
-8825.1338	-8921.8193	-8970.3174	-9035.9307	-9123.9287
-9208.8857	-9283.582	-9341.6016	-9391.2764	-9394.7754
-9398.2939	-9432.7139	-9434.4395	-9453.0215	-9497.2773
-9534.0605	-9546.748	-9556.1436	-9558.5879	-9554.416
-9555.3613	-9614.7412	-9723.498	-9767.7598	-9819.4795
-9885.0576	-10040.5527	-10085.5703	-10137.21	-10218.0928
-10303.5889	-10350.1084	-10366.2002	-10446.6514	-10539.2129
-10636.8701	-10734.0957	-10805.7803	-10872.1318	-10926.4043
-10971.4883	-10999.292	-11025.8164	-11087.3125	-11173.1719
-11268.4336	-11351.0039	-11391.9404	-11461.8203	-11580.916
-8960.9893	-8974.1621	-9028.1338	-9300.582	-9349.7998
-9323.0059	-9266.4453	-9121.2471	-8967.8887	-8896.3721
-8841.7988	-8806.3633	-8760.8301	-8740.0879	-8760.751
-8803.1055	-8881.2725	-8957.8076	-9030.875	-9112.7363
-9207.5059	-9296.8604	-9351.7197	-9354.3916	-9327.2822
-9320.8965	-9330.2197	-9342.0977	-9367.8721	-9391.8232
-9413.6172	-9453.0684	-9479.832	-9478.7734	-9499.7813
-9516.8057	-9553.0029	-9629.8896	-9683.958	-9738.8633
-9792.6611	-9896.9863	-10008.8486	-10075.4824	-10151.2979
-10220.7734	-10279.1563	-10313.2324	-10414.8291	-10489.2607
-10560.8311	-10664.4189	-10767.2803	-10834.9863	-10885.1045
-10932.4951	-10967.333	-10982.4199	-11023.79	-11131.9482
-11256.1846	-11313.2959	-11341.8516	-11389.6436	-11495.6689
-8937.3574	-8965.4316	-8985.0068	-9188.3076	-9345.7666
-9326.0908	-9280.6416	-9099.4814	-8943.0479	-8888.4287
-8842.5518	-8811.9277	-8772.916	-8742.1533	-8755.2568
-8779.1514	-8828.709	-8919.4229	-8982.0332	-9066.5752
-9171.8223	-9266.4561	-9287.4902	-9276.7207	-9243.3516
-9248.4404	-9294.6758	-9334.4355	-9337.7373	-9321.3691
-9336.665	-9387.2793	-9400.5977	-9407.209	-9425.1484
-9444.5049	-9482.2188	-9543.3096	-9595.6289	-9664.166
-9732.5615	-9806.6113	-9936.291	-10027.6904	-10098.3057
-10137.4248	-10189.4648	-10243.6855	-10350.7051	-10428.4844
-10477.5732	-10560.7715	-10673.2988	-10741.1719	-10795.3994
-10856.5146	-10915.0908	-10942.793	-10960.3779	-11055.9844
-11178.3555	-11235.1982	-11283.9131	-11320.6885	-11375.3359
-8915.7832	-8943.3262	-8952.3203	-9031.752	-9325.9453
-9320.6758	-9280.293	-9197.3301	-8938.4941	-8881.6279
-8848.6855	-8811.6309	-8765.2578	-8722.1357	-8717.7295
-8711.8105	-8722.6816	-8831.4668	-8894.4971	-8963.3477
-9070.8604	-9149.6182	-9184.3643	-9190.4248	-9188.2334
-9230.7471	-9278.2275	-9305.9424	-9308.8711	-9281.249
-9286.2031	-9322.541	-9339.6641	-9358.2373	-9379.418
-9408.5811	-9435.1514	-9482.9424	-9537.2578	-9596.707
-9680.3984	-9780.0107	-9901.6396	-9983.0742	-10034.4404
-10063.1465	-10085.1318	-10124.2568	-10204.5498	-10288.8447
-10364.3057	-10459.79	-10575.0791	-10659.9404	-10725.9336
-10793.7803	-10859.7168	-10903.9609	-10945.1807	-11011.5752
-11120.8975	-11190.2129	-11233.4561	-11280.0957	-11327.2783
-8940.3916	-8955.8369	-8963.8906	-9015.9111	-9255.9033
-9309.0635	-9261.7012	-9206.4336	-8999.7227	-8877.0762
-8845.7314	-8810.1182	-8761.3916	-8704.1152	-8680.5869
-8669.6582	-8675.1289	-8707.4297	-8775.7012	-8863.4492
-8942.3779	-9007.46	-9077.7588	-9123.2861	-9139.042
-9196.4277	-9245.2373	-9287.2422	-9281.7559	-9246.6055
-9257.3545	-9274.1865	-9285.542	-9302.6367	-9337.9668
-9391.9785	-9429.3545	-9458.8955	-9522.5518	-9583.1064
-9662.8623	-9756.0273	-9840.3115	-9936.1924	-9981.9785
-10027.9307	-10047.875	-10075.8955	-10112.6279	-10176.3574
-10246.8633	-10330.502	-10447.5234	-10568.2656	-10655.1328
-10731.543	-10802.6982	-10873.1123	-10934.2119	-11002.0898
-11095.0518	-11175.8848	-11202.626	-11243.3467	-11304.8076
-8938.6816	-8938.0791	-8941.2861	-8939.4482	-9057.6064
-9269.5195	-9237.6748	-9181.8359	-9064.5273	-8859.4912
-8826.8359	-8788.0742	-8751.7549	-8700.3525	-8650.4336
-8623.7041	-8630.1484	-8636.4443	-8662.3369	-8705.5605
-8837.3799	-8922.7656	-9006.0693	-9054.3027	-9096.3086
-9156.8438	-9214.625	-9254.9658	-9248.8896	-9245.8604
-9264.3789	-9269.7568	-9250.7412	-9244.5957	-9263.0986
-9329.8486	-9399.8486	-9409.4902	-9462.4004	-9546.1465
-9642.5762	-9727.9355	-9761.1582	-9853.8154	-9977.9111
-10036.2939	-10061.5898	-10082.2217	-10103.5459	-10160.5303
-10224.7168	-10269.3691	-10346.7744	-10455.3057	-10557.6787
-10637.7383	-10715.9512	-10805.5596	-10882.9277	-10973.2012
-11071.5684	-11168.8623	-11249.6572	-11309.1846	-11346.9404
-8899.9678	-8890.4277	-8886.665	-8891.8252	-8970.4307
-9175.835	-9182.2529	-9128.9629	-9040.2295	-8822.0693
-8770.1963	-8740.5381	-8714.8379	-8676.5068	-8622.2295
-8591.0986	-8603.6387	-8612.8389	-8628.9893	-8610.6855
-8645.918	-8747.1797	-8965.5557	-9024.1602	-9079.5303
-9141.835	-9185.6699	-9191.9131	-9156.6104	-9205.3721
-9251.8691	-9236.3682	-9196.7109	-9179.8779	-9189.9316
-9241.1289	-9315.9922	-9334.3369	-9381.7627	-9472.0332
-9581.1475	-9686.1924	-9737.4893	-9773.5713	-9880.6748
-9993.2813	-10051.4209	-10099.1914	-10154.5137	-10179.2363
-10203.9346	-10251.5059	-10324.4473	-10402.8994	-10499.207
-10576.7246	-10639.4111	-10720.0107	-10816.2363	-10929.7041
-11036.6445	-11123.4932	-11218.541	-11336.4258	-11450.0889
-8922.334	-8882.4072	-8862.543	-8860.0303	-8928.8369
-9072.0986	-9120.1309	-9101.3311	-9013.4707	-8843.3623
-8738.9619	-8724.2432	-8689.0879	-8649.4219	-8596.0313
-8562.7422	-8585.5146	-8594.9463	-8559.0391	-8552.7676
-8619.0117	-8705.1299	-8803.6348	-8914.251	-9030.4375
-9096.3721	-9107.583	-9100.1533	-9084.4199	-9096.79
-9148.4932	-9159.4971	-9141.0059	-9123.1963	-9139.3203
-9171.1367	-9229.2822	-9282.4434	-9322.2314	-9397.7002
-9489.8838	-9600.6133	-9676.3086	-9730.4287	-9814.1689
-9888.1514	-9955.4463	-10002.6084	-10103.9922	-10195.2441
-10208.4922	-10243.5723	-10291.2969	-10377.0615	-10495.1406
-10598.9922	-10653.4639	-10714.3672	-10767.8555	-10881.9043
-11015.9141	-11131.499	-11226.5586	-11305.5684	-11396.9033
-8957.7861	-8909.9736	-8873.5713	-8855.4912	-8927.1094
-9049.6719	-9114.8662	-9100.875	-9043.9873	-8915.8984
-8769.0869	-8699.9189	-8656.4541	-8621.9893	-8567.9795
-8525.1035	-8535.0195	-8533.6035	-8511.7646	-8531.0117
-8616.3252	-8703.8242	-8744.3408	-8759.5566	-8839.0703
-8957.0137	-9025.4414	-9031.9004	-9047.5957	-9049.2559
-9056.4502	-9085.4375	-9101.2646	-9095.0254	-9110.9639
-9137.9277	-9171.9873	-9253.9297	-9297.9375	-9351.8945
-9440.7236	-9535.4824	-9614.3789	-9670.1563	-9754.1318
-9841.6523	-9916.9268	-9974.0557	-10022.1387	-10083.875
-10168.9443	-10215.3115	-10255.0068	-10324.0791	-10429.5557
-10557.8994	-10636.123	-10706.4492	-10730.6445	-10798.0518
-10930.3467	-11106.5498	-11229.2822	-11297.6738	-11347.8779
-8981.4629	-8944.8984	-8908.8418	-8876.6406	-8921.2529
-9044.8848	-9121.8896	-9110.75	-9058.5996	-8953.6406
-8793.168	-8678.0381	-8620.5957	-8580.501	-8525.2979
-8490.3105	-8513.7773	-8518.2793	-8541.083	-8542.6152
-8584.4971	-8666.6523	-8710.5039	-8725.1572	-8776.584
-8836.208	-8892.4619	-8926.5029	-9000.0264	-9014.8418
-9027.7061	-9039.1201	-9075.4385	-9109.6514	-9104.9473
-9123.5859	-9156.6729	-9224.9844	-9318.4082	-9353.3965
-9422.3301	-9514.7412	-9592.5615	-9653.3076	-9703.9131
-9784.5664	-9871.9893	-9939.4258	-9991.0469	-10021.6172
-10074.4277	-10151.4375	-10214.0771	-10283.8232	-10366.207
-10472.8955	-10550.4258	-10630.7813	-10710.6855	-10772.1279
-10872.5703	-11042.8633	-11194.708	-11269.5518	-11307.8555
-9012.7188	-8975.8428	-8930.8086	-8895.9141	-8923.8096
-9066.2822	-9155.7783	-9152.4004	-9088.7012	-9000.4365
-8862.4248	-8652.5488	-8593.9678	-8563.5908	-8524.9336
-8502.5586	-8538.124	-8526.3281	-8555.8877	-8607.3535
-8621.2256	-8653.5879	-8717.8652	-8721.8076	-8784.2314
-8839.2227	-8874.4482	-8884.7695	-8898.2568	-8929.4395
-8976.9619	-9006.0049	-9044.7119	-9098.7324	-9100.6895
-9107.0986	-9146.5508	-9199.168	-9295.084	-9385.1582
-9441.4785	-9500.415	-9574.2041	-9643.3105	-9693.3594
-9748.6094	-9828.1943	-9926.8359	-9977.2637	-9986.4063
-10008.9678	-10087.8447	-10170.4434	-10253.2354	-10330.9727
-10416.7861	-10506.541	-10595.5801	-10688.6641	-10760.082
-10843.2783	-10910.2686	-11113.3154	-11219.1982	-11282.3008
-8771.7373	-8821.5293	-8912.7188	-9083.3379	-9063.458
-9028.5918	-8985.9414	-8948.2715	-8914.7109	-8948.8154
-9092.3379	-9185.5137	-9182.2051	-9129.3789	-9054.04
-8939.082	-8699.9736	-8587.584	-8568.0371	-8544.335
-8529.1855	-8568.7305	-8588.8379	-8610.4639	-8656.6045
-8669.2002	-8676.4082	-8733.9551	-8752.1191	-8819.2422
-8877.5801	-8880.5781	-8883.1504	-8868.3271	-8885.4434
-8891.876	-8960.7822	-9011.5625	-9058.6123	-9078.3018
-9100.7363	-9133.5	-9176.6816	-9242.0537	-9347.3447
-9473.0566	-9508.9209	-9564.8252	-9633.9248	-9684.5537
-9742.2471	-9799.8838	-9879.6572	-9945.1025	-9968.0576
-9996.8057	-10044.5957	-10107.5176	-10194.9248	-10275.1318
-10355.8838	-10450.6748	-10558.5342	-10646.417	-10721.1289
-10795.1514	-10861.7441	-11009.749	-11210.957	-11277.7705
-8737.3955	-8789.9707	-8802.4854	-8919.4092	-9058.0693
-9040.8271	-9008.6855	-8974.2695	-8945.7793	-8948.3691
-9093.8193	-9194.9268	-9212.6602	-9176.1738	-9099.9746
-9001.7773	-8798.8398	-8634.4033	-8587.3604	-8626.877
-8645.167	-8615.6123	-8649.6074	-8687.5781	-8678.5234
-8665.499	-8700.2861	-8744.1689	-8760.3926	-8810.1328
-8865.1357	-8865.5234	-8860.5967	-8845.4922	-8843.2227
-8845.6777	-8942.7178	-8999.5537	-9058.626	-9134.499
-9127.1592	-9127.7236	-9164.8584	-9217.6953	-9304.1807
-9453.5547	-9545.1133	-9575.0947	-9628.0234	-9687.0938
-9733.2432	-9790.0498	-9853.001	-9898.3604	-9944.7354
-10009.3135	-10063.4707	-10094.1396	-10130.6367	-10222.3018
-10288.458	-10371.0664	-10495.665	-10598.71	-10677.7578
-10752.1357	-10812.4707	-10902.3682	-11098.3613	-11280.2949
-8795.7051	-8807.8311	-8772.7373	-8887.001	-9041.251
-9030.2051	-9020.3174	-9003.6104	-8986.7451	-8963.1494
-9066.0664	-9184.8584	-9247.374	-9218.6738	-9144.7061
-9041.3955	-8894.791	-8698.4736	-8644.7041	-8652.707
-8685.21	-8689.166	-8684.4072	-8711.9531	-8656.8672
-8631.6963	-8703.6992	-8751.2754	-8772.0176	-8790.9414
-8824.4434	-8848.0742	-8832.5986	-8809.1533	-8818.1045
-8836.4688	-8861.7637	-9008.9766	-9082.1641	-9164.1377
-9226.9639	-9243.2188	-9204.7959	-9238.9063	-9304.8301
-9382.7744	-9528.7422	-9605.5918	-9624.8301	-9659.8916
-9702.0479	-9769.0732	-9844.2764	-9889.1563	-9931.1621
-9979.1406	-10048.7861	-10100.4912	-10126.9453	-10188.8096
-10261.9121	-10315.5762	-10421.1426	-10540.8535	-10630.541
-10716.5703	-10781.4951	-10868.2852	-11013.5449	-11256.54
-8815.3252	-8802.1631	-8768.4375	-9008.8975	-9047.6924
-9046.8828	-9036.0654	-9029.3447	-9022.8672	-9000.3662
-9076.9023	-9205.75	-9249.5176	-9243.5176	-9173.7314
-9072.8818	-8973.542	-8799.9082	-8686.2412	-8670.5
-8675.1035	-8728.1416	-8736.4863	-8716.3252	-8645.6377
-8632.4863	-8696.7275	-8740.2832	-8773.4785	-8780.7803
-8774.0811	-8806.9912	-8814.1943	-8817.4414	-8825.9902
-8852.957	-8867.7285	-9045.624	-9133.624	-9143.1055
-9185.8232	-9244.6045	-9277.9443	-9332.6904	-9341.9121
-9380.0146	-9451.3721	-9588.5352	-9634.8203	-9641.6826
-9670.2598	-9740.958	-9826.1631	-9880.3525	-9916.375
-9957.1416	-10014.5127	-10088.6768	-10134.0303	-10176.5449
-10262.1875	-10295.833	-10350.502	-10462.2705	-10576.3398
-10679.9541	-10747.209	-10827.8857	-10936.4229	-11154.3291
-8811.9238	-8808.9834	-8812.1396	-8998.9766	-9058.0654
-9066.375	-9050.9443	-9048.834	-9054.293	-9034.6816
-9055.8486	-9207.3037	-9235.9287	-9245.7988	-9194.2734
-9097.0332	-9028.2246	-8939.0293	-8716.2217	-8689.5781
-8672.4434	-8693.6797	-8724.4248	-8706.2236	-8663.7217
-8665.1367	-8697.9629	-8725.8848	-8756.5605	-8769.5068
-8754.9648	-8780.5078	-8780.2764	-8810.0088	-8836.6895
-8873.5977	-8899.1006	-9006.0566	-9207.9648	-9192.6367
-9175.6104	-9195.8359	-9259.7686	-9345.5703	-9453.0596
-9526.5059	-9530.125	-9531.3906	-9623.2764	-9652.4932
-9667.8799	-9726.5957	-9807.46	-9878.5254	-9907.6113
-9953.3125	-10002.793	-10068.6182	-10136.9111	-10181.5693
-10236.5039	-10270.6084	-10347.3818	-10425.2939	-10528.0068
-10653.6025	-10738.4531	-10794.9219	-10881.9434	-11035.623
-8822.7695	-8838.1914	-8862.4121	-9063.3291	-9091.2822
-9103.8623	-9100.8857	-9087.1396	-9094.665	-9081.0957
-9079.1465	-9214.8623	-9266.1475	-9252.2871	-9214.1348
-9115.2725	-9041.8994	-9078.5518	-8824.1406	-8699.918
-8675.9688	-8663.2949	-8688.6582	-8708.3574	-8711.6123
-8692.5801	-8689.3828	-8714.0234	-8732.1133	-8752.8887
-8729.749	-8739.416	-8757.2783	-8733.0088	-8749.1172
-8874.0605	-8914.0303	-8982.3008	-9198.1797	-9235.9834
-9251.0283	-9218.8154	-9267.8916	-9356.1582	-9458.0957
-9551.1768	-9635.7285	-9650.0576	-9647.6348	-9689.8438
-9715.7939	-9743.6143	-9807.5146	-9872.3027	-9901.7637
-9942.7305	-9989.0449	-10041.9814	-10136.5449	-10191.6338
-10195.3867	-10202.3516	-10291.0703	-10400	-10491.5879
-10628.1221	-10730.0791	-10766.8838	-10836.9932	-10932.4707
-8802.4912	-8840.7266	-8976.9209	-9120.2549	-9134.665
-9148.0078	-9150.7266	-9129.1621	-9118.5371	-9119.9873
-9109.7256	-9158.9932	-9292.543	-9304.4854	-9257.6299
-9148.2773	-9051.0996	-9126.7285	-8968.2061	-8739
-8713.0625	-8706.0234	-8723.1787	-8755.2627	-8755.6846
-8731.126	-8692.4932	-8699.2676	-8734.998	-8755.3027
-8713.6133	-8717.2939	-8758.4424	-8759.7725	-8735.584
-8780.1318	-8900.7139	-9002.6914	-9159.1592	-9271.8887
-9297.2686	-9326.4219	-9372.7861	-9409.5479	-9475.4375
-9552.1602	-9614.4346	-9686.8223	-9690.3838	-9714.6504
-9808.5117	-9848.457	-9823.1777	-9855.0352	-9898.6504
-9941.4395	-9995.6465	-10035.6992	-10112.2783	-10190.1836
-10196.3555	-10168.4941	-10210.8867	-10324.5068	-10428.2383
-10563.2373	-10677.0605	-10733.1895	-10804.1738	-10879.1563
-8766.1406	-8820.998	-8902.3232	-9109.0215	-9188.1914
-9176.6973	-9170.4375	-9149.4121	-9134.7822	-9141.5527
-9133.6084	-9122.1709	-9257.7393	-9349.1289	-9276.7227
-9162.168	-9053.7656	-9053.209	-9061.249	-8800.7031
-8768.5361	-8768.4434	-8778.875	-8810.6504	-8789.8066
-8742.2656	-8729.2549	-8729.9355	-8751.7422	-8769.4307
-8734.6182	-8718.6855	-8751.1104	-8784.6875	-8759.2568
-8767.8389	-8835.874	-8972.3477	-9102.9639	-9311.6855
-9358.9082	-9390.5313	-9450.9307	-9505.1963	-9553.833
-9609.4072	-9653.0313	-9679.4082	-9710.749	-9742.9912
-9800.417	-9926.249	-9991.5254	-9918.9873	-9888.9902
-9932.8877	-9996.6885	-10027.6504	-10074.5703	-10159.2441
-10208.6865	-10185.8047	-10187.8594	-10257.9717	-10372.6719
-10500.4863	-10603.8213	-10686.8955	-10769.1963	-10841.5273
-8776.2578	-8752.7363	-8784.4502	-8892.3203	-9189.2988
-9149.583	-9157.5947	-9166.2148	-9158.7207	-9157.4609
-9162.9883	-9152.9229	-9191.9902	-9373.7725	-9311.5371
-9176.3633	-9064.3916	-9013.5693	-9051.3184	-8868.2139
-8823.9385	-8810.6211	-8813.2539	-8835.8066	-8814.5273
-8775.2539	-8780.4932	-8784.3398	-8787.9141	-8791.9658
-8766.5547	-8729.207	-8715.4297	-8736.8857	-8753.6523
-8773.6055	-8838.7969	-8889.498	-9042.5566	-9185.7637
-9370.9951	-9392.6475	-9440.5029	-9525.1689	-9626.0605
-9712.041	-9724.4199	-9726.2793	-9762.3418	-9799.9189
-9829.083	-9890.0225	-10015.4355	-10020.9766	-9919.9141
-9938.5488	-9971.3125	-10029.2852	-10069.541	-10122.6631
-10180.6201	-10188.874	-10189.7256	-10256.2676	-10369.1719
-10468.5693	-10551.4346	-10635.0186	-10727.0508	-10801.2373
-8788.5273	-8751.7295	-8723.8633	-8704.0039	-8876.2949
-9148.6533	-9143.1719	-9150.8516	-9160.1523	-9157.5557
-9167.6006	-9169.2871	-9175.6143	-9297.126	-9313.042
-9176.8818	-9052.6631	-8990.3926	-9011.8145	-8906.8711
-8850.1299	-8863.2236	-8859.0205	-8859.8975	-8829.9053
-8817.1865	-8830.9463	-8825.8271	-8818.1533	-8808.2852
-8781.3525	-8748.7754	-8712.873	-8713.042	-8752.6064
-8806.2246	-8855.8213	-8908.3135	-8988.2295	-9151.4746
-9214.3555	-9293.5859	-9387.0342	-9500.0859	-9652.1846
-9757.8496	-9783.8135	-9779.1797	-9811.4189	-9852.5713
-9883.5127	-9900.8857	-9970.6201	-10086.6025	-10127.082
-9956.584	-9981.2666	-10034.0547	-10088.5469	-10128.627
-10165.7324	-10158.1484	-10162.3633	-10251.5293	-10375.9023
-10483.4287	-10554.1953	-10609.8389	-10696.9346	-10777.4111
-8813.2139	-8746.6191	-8715.1582	-8686.9189	-8729.5293
-9099.3828	-9110.5322	-9109.8896	-9137.2764	-9132.0088
-9143.2529	-9162.5576	-9168.5449	-9185.54	-9217.0371
-9127.2275	-8997.2393	-8949.7979	-8957.2334	-8923.1494
-8854.0957	-8877.3037	-8870.8184	-8872.791	-8861.7549
-8864.1338	-8871.7871	-8863.2373	-8847.4639	-8840.4834
-8816.8135	-8779.2861	-8764.0752	-8782.5	-8834.8799
-8881.6426	-8925.7354	-8947.2686	-8974.7891	-9042.0547
-9186.1289	-9250.5518	-9329.0869	-9522.5781	-9690.124
-9785.3252	-9856.1357	-9839.9512	-9850.7158	-9889.499
-9907.2422	-9925.5986	-9961.1182	-10025.6416	-10123.8887
-10178.9424	-10032.5264	-10037.8164	-10089.3008	-10155.3623
-10238.8945	-10254.041	-10185.5381	-10244.1416	-10372.6514
-10490.0547	-10571.7852	-10620.8955	-10690.8213	-10773.4834
-9104.5313	-9080.0605	-9042.3906	-9020.583	-8973.877
-8918.6055	-8833.8389	-8745.166	-8700.0742	-8691.502
-8763.5693	-9046.8398	-9055.7803	-9054.2686	-9079.8242
-9103.5605	-9134.2588	-9142.0225	-9142.8955	-9130.4502
-9050.043	-8935.3154	-8889.6221	-8880.5537	-8900.2861
-8869.5322	-8884.1719	-8887.875	-8877.9746	-8875.3066
-8889.6816	-8903.5693	-8906.2637	-8893.2881	-8879.2686
-8864.2002	-8846.9766	-8832.4189	-8847.2344	-8885.2324
-8939.6328	-8979.8955	-9000.1846	-9018.4697	-9039.4873
-9073.4658	-9226.9922	-9362.8555	-9498.042	-9675.4404
-9799.79	-9866.5078	-9907.1396	-9892.415	-9924.9688
-9946.9727	-9952.1787	-9977.4492	-10016.5156	-10078.3652
-10161.5313	-10277.6836	-10120.2793	-10091.6572	-10151.7148
-10238.1143	-10324.8506	-10348.3936	-10302.042	-10335.0068
-10449.4092	-10561.5439	-10633.4697	-10691.2168	-10765.9033
-9167.5527	-9154.5332	-9116.4033	-9076.2021	-9031.3076
-8994.7529	-8936.6738	-8840.3623	-8756.4023	-8720.5176
-8755.332	-8851.501	-8976.4619	-8961.2422	-8955.6465
-9002.0938	-9079.8506	-9153.0967	-9173.9736	-9124.499
-9002.4346	-8890.1152	-8852.833	-8828.918	-8851.1826
-8885.1357	-8897.8623	-8885.2393	-8884.4727	-8872.0498
-8875.7373	-8902.5166	-8941.79	-8938.8955	-8914.9102
-8901.7324	-8902.1787	-8905.1377	-8909.5342	-8921.0703
-8969.7744	-9003.6514	-9027.2217	-9042.1973	-9049.4609
-9047.375	-9070.0742	-9155.373	-9536.6611	-9607.4688
-9731.3076	-9838.1055	-9892.0342	-9919.2598	-9954.1807
-10016.6582	-10017.8301	-10012.5713	-10037.3311	-10073.2246
-10135.3105	-10259.1289	-10343.167	-10072.791	-10141.5635
-10222.417	-10297.1299	-10337.4258	-10385.8164	-10381.2256
-10406.6143	-10498.8867	-10596.0195	-10658.9609	-10730.2578
-9234.1387	-9203.1641	-9146.3623	-9108.4268	-9076.7266
-9038.6055	-8986.4541	-8920.5674	-8837.9131	-8793.7393
-8805.9297	-8849.2959	-8946.502	-8971.1787	-8948.7168
-8944.7275	-8973.5801	-9041.5947	-9152.3115	-9110.4365
-8968.2256	-8857.8164	-8816.3506	-8796.7168	-8777.3662
-8803.3604	-8853.2197	-8850.6895	-8867.0176	-8855.7383
-8845.6797	-8859.6543	-8886.5146	-8916.2158	-8934.1943
-8929.3984	-8931.0703	-8937.0479	-8938.084	-8940.7227
-8980.5547	-9023.1592	-9042.6113	-9050.4268	-9039.7119
-9046.2725	-9063.1006	-9075.4043	-9452.5654	-9594.5957
-9667.2676	-9737.8633	-9827.7275	-9891.2588	-9965.0938
-10049.0947	-10073.8125	-10074.4385	-10090.4385	-10110.6455
-10127.9229	-10217.3027	-10356.873	-10169.5342	-10152.9346
-10218.7012	-10290.3555	-10336.6387	-10375.1406	-10421.2695
-10426.3418	-10450.0371	-10520.5	-10593.4492	-10667.4521
-9287.9443	-9247.4375	-9200.8359	-9169.0967	-9135.1523
-9082.8047	-9038.5313	-8966.5	-8892.1133	-8852.9209
-8865.0771	-8868.9639	-8897.7959	-8982.8438	-8968.2598
-8965.0576	-8957.8135	-8975.166	-9022.8408	-9013.7842
-8913.5156	-8804.3506	-8765.5898	-8736.4111	-8735.0029
-8726.5586	-8774.5801	-8790.8604	-8798.0371	-8818.3545
-8827.2461	-8833.2451	-8853.5703	-8862.4951	-8952.6855
-8977.5117	-8956.9932	-8942.3994	-8939.9492	-8938.998
-8967.3154	-9032.541	-9075.2939	-9086.2275	-9085.498
-9064.7559	-9073.9619	-9099.0488	-9191.666	-9597.3662
-9674.541	-9750.8525	-9775.3223	-9840.8516	-9927.9023
-10011.3584	-10091.6006	-10123.2266	-10130.2891	-10150.958
-10133.0195	-10179.5879	-10288.3945	-10368.8643	-10195.7969
-10203.2754	-10267.3213	-10333.9189	-10381.8818	-10419.1113
-10450.3877	-10469.8789	-10490.5352	-10545.833	-10624.0938
-9313.0518	-9283.9121	-9257.083	-9231.5439	-9193.7168
-9126.3525	-9090.7852	-9030.2754	-8951.0254	-8892.7529
-8886.4395	-8891.8027	-8889.3506	-8949.4131	-8982.4238
-8982.6846	-8972.0049	-8952.2783	-8957.874	-8964.2197
-8868.1836	-8753.5391	-8713.376	-8659.4883	-8615.6504
-8620.0049	-8692.1533	-8672.1875	-8679.6611	-8726.8467
-8764.252	-8848.7969	-8874.2305	-8870.7031	-8866.8242
-8958.3027	-8978.1602	-8961.6182	-8950.9766	-8952.6318
-8955.8408	-9046.2041	-9116.1504	-9133.876	-9121.7354
-9096.8525	-9079.9355	-9106.458	-9154.3438	-9462.042
-9708.9834	-9782.1807	-9804.2217	-9836.75	-9903.1904
-9984.543	-10052.3203	-10131.6162	-10163.0342	-10182.8066
-10182.9395	-10180.2266	-10240.5313	-10325.4541	-10230.4023
-10191.7031	-10243.3467	-10298.1631	-10359.5195	-10460.2686
-10493.3633	-10478.252	-10481.666	-10540.5332	-10612.1777
-9359.6348	-9324.0332	-9304.2969	-9282.4834	-9245.4443
-9187.1055	-9145.0273	-9105.0674	-9042.7598	-8963.1406
-8919.5283	-8905.4971	-8899.1426	-8912.7686	-8975.1904
-8981.9248	-8981.1689	-8963.4629	-8928.0938	-8886.5713
-8799.8115	-8723.9775	-8665.877	-8605.8604	-8550.8447
-8537.9893	-8575.8018	-8587.7451	-8597.5596	-8610.5879
-8627.2266	-8702.7344	-8801.8506	-8837.9385	-8808.168
-8798.1689	-8940.0684	-8981.6523	-8968.9766	-8978.4414
-8960.0654	-8991.7988	-9133.5625	-9167.2578	-9146.2021
-9113.751	-9096.5166	-9117.3955	-9158.9375	-9325.625
-9663.1152	-9810.7246	-9837.3057	-9870.1221	-9912.7422
-9975.8652	-10032.7197	-10094.918	-10164.0322	-10203.1553
-10243.6953	-10226.6143	-10231.1279	-10299.0977	-10332.332
-10183.4404	-10242.418	-10286.1025	-10334.584	-10431.1416
-10520.374	-10534.6387	-10499.4775	-10525.3975	-10583.0674
-9592.2236	-9584.8789	-9545.8174	-9493.9971	-9453.8418
-9413.6895	-9376.75	-9359.0332	-9341.5566	-9306.1934
-9245.5537	-9199.8994	-9171.2246	-9124.8955	-9046.1035
-8973.8848	-8934.4287	-8910.75	-8931.6963	-8968.7822
-9005.3037	-9003.6729	-8977.2539	-8942.1934	-8882.5156
-8760.4463	-8702.2305	-8644.167	-8619.6885	-8605.9355
-8591.6787	-8599.6426	-8626.3799	-8661.3789	-8684.417
-8697.1719	-8703.2012	-8711.5547	-8710.9141	-8694.2432
-8679.3516	-8706.5547	-8801.9092	-8839.29	-8947.8086
-9002.209	-8970.0977	-9122.4082	-9155.6367	-9163.0449
-9148.4717	-9130.1426	-9136.5889	-9159.9746	-9367.3965
-9711.1963	-9847.6689	-9895.2451	-9912.3994	-9947.7646
-9991.9395	-10049.3193	-10091.8262	-10126.8213	-10201.2598
-10264.0117	-10304.5332	-10259.6162	-10295.8652	-10373.0625
-10327.1875	-10250.4219	-10307.9102	-10347.585	-10412.3867
-10505.3857	-10554.5176	-10550.4795	-10543.54	-10567.8105
-9618.6357	-9605.8281	-9569.9746	-9531.4844	-9502.0176
-9464.6914	-9433.5615	-9418.21	-9398.1797	-9367.4551
-9328.9004	-9274.0547	-9231.5645	-9194.8828	-9132.6543
-9045.1885	-8978.6592	-8956.7441	-8954.2715	-8980.7217
-8980.0996	-9017.8232	-8986.7324	-8945.9326	-8890.4004
-8779.5479	-8738.6729	-8698.4258	-8693.3789	-8695.0986
-8674.6943	-8672.0771	-8678.5566	-8712.2285	-8751.0547
-8786.25	-8766.8252	-8731.5313	-8721.8916	-8719.7109
-8710.1436	-8704.0313	-8702.0283	-8692.3408	-8712.7451
-8847.1797	-8996.4619	-9037.7119	-9126.4238	-9164.9473
-9184.3506	-9176.4346	-9170.0801	-9196.7979	-9269.6914
-9750.5283	-9844.7578	-9993.3867	-10019.6055	-10022.0166
-10053.6455	-10108.8779	-10141.6973	-10147.6436	-10181.9316
-10246.3701	-10311.3086	-10324.0576	-10313.624	-10398.4941
-10318.5625	-10287.4189	-10324.4795	-10355.5586	-10387.9688
-10467.8389	-10538.5811	-10579.5771	-10627.0449	-10637.6943
-9648.6475	-9620.7422	-9599.2939	-9571.6602	-9546.5781
-9520.1543	-9492.3252	-9475.7012	-9456.5557	-9425.4023
-9395.375	-9345.2432	-9293.0127	-9264.7012	-9211.459
-9122.9053	-9049.4707	-9013.5303	-8998.7246	-9003.0566
-9017.373	-9012.7275	-8996.3633	-8959.4502	-8901.8809
-8825.8906	-8792.709	-8778.0977	-8781.5029	-8759.5723
-8728.5586	-8710.9248	-8708.0313	-8732.6523	-8762.8359
-8811.3809	-8826.3066	-8799.751	-8767.9551	-8760.4902
-8759.6553	-8750.9443	-8736.9141	-8725.957	-8717.3789
-8754.0469	-8944.4873	-9085.9844	-9119.0918	-9182.5635
-9212.6465	-9214.2148	-9204.7061	-9222.5674	-9257.8145
-9412.3984	-9887.1514	-10005.1514	-10088.002	-10082.7832
-10096.4775	-10142.7813	-10183.8115	-10191.958	-10199.5605
-10226.7246	-10298.1143	-10347.7354	-10348.3193	-10403.4111
-10494.8477	-10396.2588	-10335.9697	-10368.8799	-10413.5332
-10488.665	-10557.6289	-10612.1787	-10668.4023	-10717.083
-9687.7432	-9668.1895	-9650.2666	-9623.5303	-9600.7959
-9575.3184	-9548.1416	-9528.3809	-9508.5723	-9481.8652
-9449.1855	-9402.1484	-9355.5488	-9316.959	-9269.0762
-9201.3447	-9133.459	-9091.7686	-9066.8125	-9065.6064
-9094.7178	-9089.6367	-9051.3965	-9011.791	-8973.2002
-8839.8018	-8825.4707	-8826.8672	-8829.4375	-8804.9463
-8769.3457	-8738.5908	-8727.8164	-8743.248	-8774.5967
-8833.6816	-8862.8076	-8838.1758	-8825.3008	-8797.8965
-8797.5332	-8799.6123	-8781.8203	-8766.04	-8768.0703
-8792.2012	-8868.8701	-9097.0498	-9142.3203	-9206.1709
-9241.7227	-9234.334	-9221.3164	-9220.835	-9276.2871
-9364.2715	-9584.4824	-9976.0566	-10055.9121	-10097.4854
-10122.1455	-10152.333	-10197.5762	-10246.7549	-10258.8721
-10265.8506	-10294.8828	-10344.0234	-10356.5459	-10398.0664
-10479.0742	-10545.874	-10382.4316	-10393.7266	-10428.25
-10500.1523	-10562.7217	-10625.7148	-10690.877	-10776.1807
-9728.3613	-9712.4453	-9689.127	-9661.0283	-9641.833
-9624.6777	-9605.1777	-9585.0215	-9559.5889	-9528.3086
-9496.6904	-9462.5703	-9421.7959	-9373.2393	-9327.6582
-9285.1621	-9222.2861	-9169.9824	-9132.7715	-9133.3125
-9148.9033	-9141.1172	-9093.9951	-9043.3037	-9025.7861
-8885.8535	-8797.1504	-8822.0137	-8837.3613	-8822.4453
-8812.2871	-8776.5361	-8765.0146	-8791.5518	-8811.2334
-8840.3154	-8880.2949	-8886.8672	-8893.5908	-8861.5498
-8830.9678	-8815.3828	-8807.1846	-8806.1201	-8803.8848
-8812.9873	-8845.1699	-8955.6982	-9168.5371	-9254.4209
-9293.3545	-9265.2441	-9232.3145	-9217.3438	-9283.4434
-9376.0098	-9448.6895	-9893.4912	-9936.8369	-10030.0527
-10097.5508	-10155.8926	-10197.3379	-10245.749	-10296.4727
-10321.9082	-10303.9658	-10323.5293	-10355.5713	-10384.8135
-10453.1982	-10556.1514	-10648.6602	-10496.9121	-10484.4336
-10488.5	-10561.9219	-10625.3242	-10661.2012	-10714.6719
-9778.4375	-9751.0762	-9723.6865	-9697.8916	-9682.3408
-9672.5732	-9658.7158	-9636.5615	-9607.3496	-9575.7041
-9543.0693	-9515.9551	-9481.6963	-9439.5557	-9396.1387
-9365.082	-9319.0771	-9264.8057	-9207.7158	-9196.2559
-9196.4736	-9178.7002	-9136.3564	-9088.1543	-9118.8584
-9133.4492	-8906.2285	-8796.751	-8818.7148	-8824.6514
-8836.4824	-8814.2451	-8805.4814	-8829.1611	-8843.2031
-8825.833	-8858.9766	-8916.8252	-8950.3975	-8949.8916
-8913.5195	-8865.0596	-8849.3096	-8835.54	-8813.5781
-8796.9902	-8814.917	-8872.29	-8977.5645	-9207.1396
-9318.1621	-9309.0762	-9251.6865	-9217.5488	-9261.2344
-9356.0977	-9473.252	-9699.4961	-9887.7539	-9950.5996
-9995.8818	-10066.21	-10181.248	-10244.8301	-10303.5938
-10357.8682	-10372.3525	-10347.5508	-10355.3838	-10388.0732
-10440.585	-10533.9189	-10646.3135	-10742.459	-10579.0195
-10510.6953	-10543.1807	-10609.916	-10619.5078	-10641.9502
-9823.2559	-9792.748	-9759.4131	-9729.0039	-9713.0029
-9703.666	-9690.9297	-9675.0635	-9649.8506	-9623.6641
-9595.9658	-9567.4795	-9535.1504	-9495.126	-9448.7832
-9419.9902	-9375.3457	-9329.0322	-9279.5342	-9249.5557
-9247.4111	-9227.8271	-9181.3428	-9126.1309	-9195.5557
-9206.7148	-9084.8789	-8851.3945	-8826.7285	-8848.7695
-8883.084	-8866.9463	-8845.9717	-8857.3066	-8871.457
-8839.6855	-8863.9717	-8928.9424	-8977.9424	-9000.3594
-8994.5713	-8941.125	-8899.8906	-8864.6211	-8832.4854
-8809.2725	-8799.9512	-8823.9346	-8871.6807	-8994.627
-9261.6025	-9313.0342	-9291.1875	-9239.668	-9247.9707
-9282.8389	-9538.2139	-9699.6523	-9854.3037	-9936.0176
-9980.1689	-10025.6162	-10095.5986	-10142.2656	-10285.2744
-10411.7666	-10449.4512	-10453.3359	-10415.2861	-10406.3623
-10455.1484	-10522.1133	-10603.0342	-10693.8994	-10765.1621
-10604.9102	-10543.251	-10614.999	-10626.4561	-10620.0195
-9850.5264	-9835.1211	-9808.2188	-9780.0967	-9758.8779
-9747.6016	-9739.125	-9728.7041	-9707.2061	-9676.7598
-9644.9111	-9614.6934	-9580.7227	-9537.3262	-9488.625
-9452.0244	-9417.3271	-9380.9229	-9347.2451	-9314.293
-9293.4795	-9267.3682	-9210.0967	-9181.7803	-9267.5293
-9231.6426	-9132.1641	-8965.8828	-8862.1123	-8865.9678
-8902.1221	-8896.3516	-8887.25	-8893.0713	-8903.0586
-8856.9609	-8865.4111	-8922.5459	-8968.793	-9016.0977
-9032.4033	-9002.6006	-8947.0723	-8892.5225	-8846.8184
-8821.3594	-8815.6123	-8831.9824	-8858.3252	-8903.5889
-9137.125	-9308.5059	-9350.6133	-9337.4795	-9298.4238
-9309.959	-9391.6875	-9720.1396	-9862.6748	-9935.5977
-9981.2832	-10021.2471	-10074.0781	-10129.7783	-10213.084
-10336.7002	-10458.0703	-10481.3135	-10485.4385	-10438.8389
-10427.8174	-10467.1885	-10527.2354	-10618.3486	-10712.5615
-10767.9785	-10603.501	-10628.8828	-10643.3721	-10643.3945
-9879.5137	-9867.5205	-9847.4307	-9826.5459	-9810.8828
-9798.9619	-9791.0674	-9776.8828	-9756.0615	-9729.665
-9698.873	-9666.1826	-9632.4668	-9591.4521	-9542.918
-9506.8047	-9475.2402	-9441.9248	-9409.1289	-9381.6719
-9353.5195	-9326.4121	-9266.6797	-9222.2949	-9299.3203
-9280.9746	-9157.1328	-9039.6992	-8989.3389	-8915.7686
-8910.5381	-8909.252	-8919.1611	-8919.0752	-8933.125
-8908.2598	-8879.4189	-8908.2666	-8940.918	-8979.4326
-9004.8105	-9041.9502	-9006.0762	-8927.5166	-8871.2412
-8832.5498	-8819.8184	-8836.7559	-8880.6074	-8921.6973
-9058.3799	-9310.9375	-9409.2227	-9424.3271	-9391.6787
-9358.2305	-9379.1865	-9487.3906	-9804.7725	-9966.1543
-10032.5791	-10074.3301	-10091.5654	-10131.5625	-10197.748
-10289.1807	-10433.8955	-10476.3223	-10475.1094	-10486.2813
-10451.1895	-10444.9199	-10478.2109	-10528.9268	-10619.8262
-10682.2344	-10683.668	-10620.2715	-10650.7119	-10681.3545
-9917.5859	-9902.1924	-9886.2061	-9872.377	-9858.8945
-9842.7188	-9829.6318	-9813.1611	-9791.3848	-9767.918
-9743.7598	-9717.9678	-9684.7881	-9645.7188	-9595.6836
-9554.1914	-9526.6865	-9502.6494	-9479.999	-9455.2129
-9427.7773	-9394.959	-9342.1426	-9319.5488	-9348.7607
-9347.5498	-9259.582	-9111.4873	-9080.2207	-9030.7754
-8954.0283	-8942.959	-8956.1289	-8950.458	-8942.5967
-8950.209	-8935.623	-8908.9014	-8936.6416	-8984.4785
-9009.2832	-9001.2344	-8961.3223	-8928.4521	-8894.4189
-8843.6514	-8806.3555	-8820.2324	-8890.8955	-8959.0645
-9005.9248	-9165.2832	-9359.6914	-9458.8955	-9444.0508
-9425.5645	-9431.292	-9480.3066	-9531.875	-9605.7998
-10042.4365	-10123.3721	-10124.0811	-10160.2969	-10214.5059
-10285.2549	-10360.5576	-10435.1182	-10454.4189	-10459.8379
-10477.9844	-10498.3916	-10495.9551	-10498.2412	-10574.5791
-10653.6816	-10690.3525	-10610.2793	-10640.9365	-10704.8271
-9963.3662	-9952.6338	-9940.168	-9924.0684	-9911.1602
-9894.4971	-9877.6826	-9857.3848	-9834.6484	-9814.5693
-9793.1172	-9772.2686	-9736.9541	-9690.3398	-9648.0625
-9607.8574	-9578.5146	-9559.376	-9541.3408	-9523.6895
-9489.4482	-9454.3926	-9408.8594	-9399.415	-9416.3613
-9425.4551	-9394.2432	-9153.8457	-9127.917	-9084.5859
-9011.1396	-8968.2285	-8966.1543	-8956.6045	-8966.876
-8995.1484	-9007.9717	-8988.5283	-8975.2676	-8994.4814
-9020.2061	-8992.6367	-8921.9512	-8871.3271	-8862.375
-8824.7393	-8791.2861	-8817.9346	-8914.1807	-9004.4102
-9042.6045	-9098.7148	-9248.8457	-9453.7676	-9454.4824
-9465.9502	-9501.8232	-9544.5059	-9593.3398	-9642.8926
-9711.2129	-9995.8457	-10150.6084	-10170.5488	-10206.1826
-10275.9229	-10340.5928	-10375.21	-10423.9355	-10439.541
-10459.0146	-10530.3945	-10596.6104	-10549.9844	-10593.709
-10665.1543	-10683.8486	-10616.3926	-10621.2051	-10697.7314
-9995.5244	-9989.5322	-9986.46	-9974.8994	-9956.8057
-9931.0449	-9912.5098	-9893.4014	-9878.9648	-9869.9971
-9851.418	-9826.1357	-9786.4375	-9735.7539	-9702.71
-9674.7539	-9652.2266	-9646.8838	-9608.5586	-9585.6885
-9558.9121	-9524.7422	-9476.3857	-9479.5879	-9484.0107
-9489.0234	-9481.6006	-9290.0605	-9150.6494	-9099.9561
-9041.0781	-8992.2705	-8983.9668	-8996.0127	-9026.9834
-9062.3604	-9078.4756	-9076.709	-9035.582	-9015.1279
-9019.9268	-8990.6328	-8913.9453	-8855.3818	-8836.8008
-8804.5645	-8785.4854	-8829.0244	-8964.0918	-9081.3564
-9135.5146	-9162.0908	-9168.6523	-9296.3301	-9428.5479
-9435.2178	-9540.7246	-9612.0811	-9653.7803	-9718.1045
-9790.4199	-9838.707	-10014.6045	-10249.7295	-10262.957
-10305.5811	-10374.7813	-10426.917	-10443.9482	-10467.7451
-10500.1592	-10545.6123	-10628.9287	-10630.417	-10641.7451
-10679.0078	-10685.0127	-10644.752	-10584.207	-10665.2852
-10013.7529	-10019.2646	-10019.999	-10011.9795	-9995.6553
-9972.8848	-9952.877	-9935.0029	-9923.8887	-9918.3672
-9905.958	-9883.0195	-9843.665	-9796.9258	-9766.2705
-9739.626	-9717.0352	-9704.1514	-9681.5342	-9659.1152
-9633.292	-9602.1035	-9559.4121	-9555.0391	-9558.6914
-9547.3457	-9537.2559	-9519.4453	-9261.6836	-9145.2129
-9066.5566	-9039.0244	-9028.2803	-9015.5586	-9052.6299
-9099.1113	-9108.1035	-9101.1836	-9068.7725	-9030.5439
-9021.002	-9005.7031	-8935.2578	-8849.8105	-8833.9932
-8823.0557	-8798.3916	-8837.5771	-8949.7314	-9123.8047
-9175.375	-9197.834	-9191.2959	-9209.6729	-9250.7012
-9277.3145	-9393.9043	-9668.9102	-9722.5479	-9777.5068
-9834.2744	-9877.8223	-9951.3535	-10052.1367	-10300.8311
-10375.3574	-10421.2666	-10490.5293	-10525.1143	-10526.5713
-10543.7676	-10573.0596	-10607.5361	-10676.6328	-10714.5137
-10742.418	-10727.9756	-10702.3809	-10556.0791	-10630.1016
-10048.9189	-10057.957	-10058.7783	-10055.0869	-10050.4688
-10036.0039	-10013.8867	-9990.7744	-9975.001	-9965.0166
-9955.583	-9940.1514	-9904.2959	-9868.4385	-9842.1289
-9814.1084	-9787.2324	-9768.3555	-9753.376	-9731.9727
-9708.4883	-9683.3701	-9653.3535	-9625.082	-9614.9688
-9612.4092	-9620.0752	-9604.0557	-9513.0771	-9149.7432
-9097.5566	-9056.1729	-9077.5869	-9052.6602	-9053.7725
-9098.5078	-9130.9561	-9136.001	-9101.1963	-9047.9951
-9020.3652	-8997.9824	-8962.542	-8866.9023	-8847.9619
-8865.9727	-8841.208	-8859.7441	-8927.6494	-9060.9189
-9174.5273	-9188.2031	-9191.9609	-9210.8877	-9225.1221
-9223.0156	-9279.9023	-9504.5957	-9831.4766	-9862.375
-9872.7178	-9902.835	-9964.3535	-10038.3906	-10175.25
-10431.9424	-10461.2344	-10499.4316	-10548.0996	-10557.54
-10556.2949	-10589.0801	-10611.8857	-10668.083	-10734.9443
-10793.9072	-10818.627	-10817.0635	-10602.0322	-10623.7295
-10081.9844	-10094.2168	-10097.0967	-10099.7949	-10097.5557
-10085.085	-10069.1211	-10048.2539	-10033.3564	-10022.8525
-10012.8184	-9997.5693	-9969.874	-9938.5449	-9911.8799
-9886.5586	-9865.8203	-9851.4053	-9841.0205	-9822.6084
-9793.6396	-9772.6826	-9754.5742	-9728.6465	-9699.7256
-9675.9834	-9707.3525	-9712.9531	-9672.0166	-9456.708
-9099.1006	-9068.2803	-9065.1465	-9062.8525	-9049.3945
-9086.917	-9155.1289	-9184.8672	-9142.29	-9081.0293
-9026.2979	-8990.4502	-8938.752	-8864.5088	-8866.8506
-8883.5439	-8886.7734	-8904.5488	-8951.0078	-9002.2295
-9141.6611	-9174.2705	-9185.0244	-9186.3496	-9193.2314
-9223.4238	-9295.71	-9331.375	-9467.0352	-9727.8262
-9931.5605	-9944.1963	-9978.9658	-10040.8467	-10111.4092
-10279.126	-10486.0449	-10507.5908	-10550.5596	-10597.9023
-10596.3096	-10616.1143	-10629.3428	-10661.3857	-10747.1758
-10834.5957	-10873.96	-10900.4375	-10729.5625	-10655.6074
-10124.0273	-10129.2422	-10143.2666	-10156.4746	-10156.8467
-10144.71	-10133.4102	-10117.5508	-10100.251	-10090.0498
-10081.4697	-10062.6387	-10037.1777	-10006.2344	-9979.4727
-9957.1367	-9941.6602	-9933.7275	-9930.5195	-9915.3799
-9884.8262	-9860.4736	-9841.6895	-9826.8477	-9801.6064
-9760.9922	-9778.8584	-9816.3789	-9795.7939	-9818.0195
-9177.1123	-9079.2275	-9087.623	-9098.6143	-9112.873
-9125.5996	-9166.8857	-9199.8525	-9165.2109	-9105.9912
-9051.7969	-9016.2852	-8947.9209	-8887.2344	-8902
-8917.5137	-8925.8711	-8953.4092	-8976.3154	-9010.4014
-9092.4746	-9164.5381	-9199.4512	-9216.6758	-9239.1299
-9254.915	-9316.4736	-9363.7266	-9382.1768	-9427.5527
-9764.4629	-10019.9336	-10052.7842	-10103.2041	-10158.46
-10237.9756	-10453.0293	-10483.3496	-10561.1924	-10643.1475
-10640.7051	-10625.2471	-10654.2119	-10690.4121	-10759.5693
-10830.0283	-10877.3584	-10908.2734	-11022.1982	-10727.4697
-10185.7373	-10177.501	-10197.3135	-10214.6807	-10219.5781
-10206.4434	-10194.3818	-10184.8916	-10164.9121	-10146.3232
-10137.7588	-10122.6816	-10099.166	-10069.1152	-10043.4248
-10024.2031	-10012.6807	-10007.3115	-10000.6201	-9990.4023
-9970.7344	-9950.4434	-9938.0635	-9928.4668	-9910.4775
-9875.7422	-9856.75	-9875.4961	-9894.667	-9877.4141
-9898.4033	-9468.3779	-9127.1777	-9163.957	-9175.7002
-9182.2881	-9189.5762	-9191.1172	-9181.5068	-9151.6006
-9106.7539	-9063.4707	-9012.1494	-8968.8223	-8967.1953
-8970.7578	-8976.8428	-8997.3799	-9012.3213	-9038.8428
-9093.3535	-9175.9922	-9220.9844	-9267.0557	-9312.1182
-9321.2979	-9342.8457	-9424.668	-9451.0703	-9433.9023
-9474.0088	-9806.8633	-10148.207	-10162.3633	-10199.6445
-10253.4707	-10373.751	-10479.665	-10494.9209	-10655.1963
-10661.5996	-10647.7588	-10691.5059	-10743.0967	-10762.8135
-10810.9863	-10880.3682	-10930.3799	-11015.9824	-11044.8359
-10254.8379	-10261.8174	-10263.8535	-10266.2764	-10274.8906
-10271.6143	-10263.1494	-10245.5596	-10227.4307	-10215.0371
-10202.0205	-10183.5508	-10161.5273	-10135.2158	-10111
-10094.4229	-10083.0693	-10075.043	-10066.793	-10058.0703
-10050.0557	-10039.6436	-10029.2158	-10023.4707	-10021.9883
-10013.7354	-9981.8545	-9936.3203	-9926.4746	-9914.4873
-9877.624	-9820.7256	-9209.6709	-9177.8604	-9193.3682
-9197.0293	-9190.8623	-9189.1904	-9205.959	-9198.4746
-9162.0313	-9127.5928	-9096.04	-9070.9004	-9057.7803
-9040.3779	-9019.1357	-9028.0752	-9043.4072	-9080.5264
-9139.0127	-9195.1299	-9239.624	-9311.7227	-9381.1299
-9423.6885	-9450.707	-9488.1895	-9536.6025	-9487.7266
-9504.5488	-9550.1943	-10136.6143	-10218.1416	-10234.5176
-10269.251	-10326.4521	-10437.2803	-10453.3467	-10592.4854
-10698.3447	-10708.4658	-10757.0576	-10823.4033	-10827.5898
-10855.623	-10932.2705	-10958.3291	-11002.7021	-11042.5898
-10288.8936	-10327.8271	-10347.5723	-10353.9648	-10355.249
-10351.6338	-10338.6553	-10319.2764	-10293.7002	-10275.54
-10262.1455	-10243.9023	-10226.1631	-10207.3867	-10185.127
-10167.4248	-10153.5459	-10142.0176	-10134.4658	-10127.2578
-10119.8701	-10114.1699	-10104.3438	-10097.0879	-10103.6318
-10131.4824	-10120.1777	-10033.8682	-9962.209	-9947.7744
-9957.0352	-9900.1436	-9954.625	-9358.4326	-9206.6074
-9216.001	-9220.8057	-9219.2881	-9214.8428	-9198.8291
-9185.1035	-9176.8057	-9160.7607	-9141.6191	-9142.6797
-9159.3125	-9114.1201	-9074.7314	-9079.0566	-9122.1523
-9173.0947	-9212.6768	-9271.8564	-9357.5498	-9451.0303
-9516.5654	-9538.418	-9563.1914	-9590.6582	-9577.1504
-9555.8047	-9573.4658	-9598.9648	-10170.4629	-10308.6992
-10284.8682	-10304.1797	-10349.5908	-10378.8496	-10492.3184
-10719.3193	-10782.915	-10829.3711	-10883.1299	-10917.4512
-10946.5645	-10968.8721	-10962.0225	-10974.873	-11032.5684
-10316.8701	-10372.3525	-10403.1836	-10408.9863	-10399.4102
-10391.582	-10378.1855	-10373.8584	-10360.1494	-10339.5176
-10330.3516	-10308.9229	-10288.8203	-10274.0869	-10259.0752
-10249.501	-10238.2588	-10214.6807	-10196.4961	-10184.2227
-10178.8613	-10176.749	-10170.2334	-10166.6416	-10163.0459
-10192.6133	-10204.7402	-10143.0166	-10035.8223	-9995.0879
-10039.8105	-10012.7158	-9948.918	-9820.5117	-9242.4014
-9258.1094	-9258.1689	-9258.4883	-9247.4727	-9236.6563
-9229.3682	-9228.4336	-9227.2637	-9222.0977	-9238.3193
-9272.6953	-9247.3047	-9196.1465	-9157.2861	-9164.4023
-9207.3369	-9267.9893	-9319.4639	-9395.0684	-9521.3984
-9593.4014	-9619.7412	-9667.2529	-9663.1338	-9648.2568
-9639.1855	-9648.6348	-9685.0508	-9717.7031	-10253.2686
-10349.7686	-10336.6836	-10383.0947	-10414.9307	-10484.0928
-10758.6875	-10830.6484	-10856.4912	-10894.7676	-10950.6543
-10998.5293	-11015.7939	-11018.6211	-11034.3145	-11072.5557
-10361.751	-10381.457	-10396.3447	-10399.1055	-10402.3105
-10406.6758	-10407.6084	-10415.5957	-10413.9111	-10410.6689
-10409.8965	-10390.9561	-10361.5361	-10340.1396	-10330.8926
-10350.7461	-10347.6348	-10310.0098	-10273.8359	-10261.8848
-10256.6768	-10247.249	-10234.2412	-10227.4297	-10222.2021
-10228.4541	-10247.249	-10242.8457	-10170.5059	-10068.7061
-10097.2383	-10092.1455	-10024.3711	-9945.2686	-9863.0439
-9303.5371	-9309.6211	-9318.6777	-9321.0156	-9309.375
-9298.5693	-9298.7617	-9295.3789	-9299.4346	-9314.3877
-9313.4004	-9310.7676	-9299.0146	-9246.6133	-9225.9541
-9253.8926	-9318.7754	-9394.4971	-9440.6943	-9557.5098
-9678.5703	-9739.0625	-9766.4414	-9764.3174	-9734.4805
-9725.0107	-9731.2891	-9751.1816	-9821.7578	-10064.4336
-10411.4355	-10396.3184	-10432.5781	-10487.3369	-10527.3809
-10658.0381	-10831.9209	-10861.3066	-10896.2334	-10963.5479
-11026.5498	-11049.8984	-11058.0234	-11087.0586	-11113.8291
-10374.5195	-10380.0469	-10380.252	-10387.9795	-10414.7607
-10430.4463	-10434.1104	-10446.2012	-10469.4111	-10495.002
-10485.8281	-10463.4619	-10438.2285	-10422.6592	-10425.585
-10455.0293	-10458.5615	-10434.8984	-10394.3359	-10374.8105
-10346.6992	-10320.3535	-10305.0186	-10293.9346	-10287.3867
-10279.9844	-10273.5996	-10263.248	-10250.7803	-10185.2871
-10151.8594	-10168.502	-10101.9238	-10016.8057	-9946.5205
-9910.4307	-9443.2842	-9387.4883	-9396.5898	-9369.3809
-9354.9951	-9362.2227	-9359.6172	-9353.7793	-9359.9209
-9356.793	-9359.1426	-9349.9043	-9298.1611	-9279.1582
-9288.793	-9328.125	-9470.7744	-9521.5371	-9644.0195
-9829.5879	-9931.8926	-9997.4795	-9890.7773	-9813.3252
-9789.5889	-9800.2188	-9813.3369	-9879.8213	-10059.8418
-10459.3438	-10423.2139	-10440.0938	-10496.9287	-10541.8232
-10642.416	-10811.9307	-10853.0078	-10879.9102	-10967.0166
-11058.4961	-11101.0674	-11083.2676	-11101.9189	-11110.9785
-10359.666	-10394.5762	-10407.4258	-10415.7148	-10440.3105
-10463.3955	-10482.8457	-10512.2373	-10551.4961	-10588.5215
-10583.3398	-10562.1973	-10552.5166	-10552.9766	-10568.7471
-10579.7236	-10569.7568	-10554.6338	-10513.1914	-10478.5527
-10444.9443	-10410.1797	-10385.249	-10377.5762	-10368.6084
-10357.293	-10346.8633	-10324.252	-10292.9736	-10263.2305
-10217.1641	-10235.5439	-10185.6836	-10109.2441	-10032.5049
-9949.834	-9904.2578	-9533.0527	-9388.2217	-9393.8223
-9415.3047	-9435.1455	-9422.2109	-9397.0928	-9394.4131
-9397.2314	-9408.5693	-9415.8203	-9361.8193	-9303.418
-9319.748	-9362.2871	-9441.0557	-9633.6221	-9740.6689
-9908.0361	-10013.0752	-10097.8398	-10107.8389	-10027.248
-9932.4102	-9899.0303	-9914.2852	-9957.6152	-10018.3525
-10169.168	-10479.3086	-10471.6523	-10492.6211	-10542.8311
-10641.4063	-10774.251	-10838.8174	-10862.8027	-10934.3408
-11025.667	-11085.2588	-11107.1592	-11122.4219	-11133.4414
-10364.6689	-10415.957	-10457.2959	-10479.1348	-10482.7803
-10490.999	-10520.2803	-10573.4502	-10626.9521	-10656.0723
-10675.7852	-10685.3457	-10688.7773	-10687.666	-10690.7432
-10681.1338	-10667.3789	-10653.5029	-10615.4912	-10581.1133
-10559.084	-10521.8945	-10479.958	-10461.4551	-10446.0498
-10439.6494	-10436.7656	-10419.7207	-10381.5586	-10343.291
-10289.582	-10289.668	-10276.3193	-10214.0459	-10129.209
-10059.1172	-9980.4648	-9917.9551	-9720.6289	-9409.3428
-9450.1992	-9474.415	-9476.752	-9459.4404	-9456.8252
-9464.3311	-9459.0605	-9463.5947	-9432.9453	-9356.0195
-9344.3115	-9390.2217	-9416.8848	-9682.5264	-9835.707
-9957.7529	-10056.7217	-10116.6201	-10145.8223	-10149.9795
-10152.2471	-10077.8027	-10026.5918	-10027.5654	-10075.0225
-10106.5635	-10484.7168	-10527.498	-10529.5352	-10565.7568
-10646.5674	-10739.4834	-10794.8184	-10852.4131	-10897.1953
-10951.3486	-11016.668	-11092.043	-11128.126	-11138.2158
-10378.1787	-10423.9414	-10469.7871	-10507.9619	-10514.2949
-10521.9492	-10563.2813	-10621.8008	-10673.958	-10711.5303
-10740.7021	-10758.9482	-10770.8428	-10770.4658	-10769.0996
-10766.7803	-10760.7344	-10741.0283	-10708.4541	-10681.4473
-10655.5117	-10606.168	-10555.3057	-10535.3242	-10519.5713
-10523.5742	-10525.9248	-10503.7539	-10467.6943	-10436.6982
-10392.501	-10367.5127	-10387.8496	-10364.6826	-10293.1406
-10195.248	-10086.041	-10018.5244	-9951.5693	-9862.334
-9629.3721	-9571.4531	-9569.4756	-9561.7051	-9536.0859
-9531.4023	-9519.001	-9507.4873	-9495.6865	-9452.0342
-9420.957	-9429.752	-9431.1553	-9424.0703	-9686.7148
-10016.5078	-10057.5537	-10125.4326	-10177.5605	-10195.3867
-10195.4443	-10202.752	-10160.6123	-10104.417	-10126.8477
-10174.1504	-10406.123	-10608.5146	-10618.5313	-10644.1689
-10676.8682	-10712.9072	-10753.374	-10805.54	-10848.6543
-10890.4072	-10952.1221	-11048.7744	-11125.6338	-11142.791
-10562.2041	-10616.5986	-10675.9365	-10728.6006	-10772.2334
-10803.1846	-10823.6709	-10836.9834	-10837.0703	-10837.5049
-10845.7422	-10839.5869	-10823.5215	-10797.6982	-10766.082
-10726.3623	-10677.5967	-10638.2422	-10614.3125	-10599.9863
-10595.042	-10595.1641	-10576.2461	-10550.4502	-10527.4648
-10488.0674	-10470.7588	-10511.709	-10481.6465	-10431.2422
-10373.6563	-10281.1201	-10176.7686	-10091.9629	-9994.1094
-9932.5293	-9830.1592	-9679.6621	-9653.6699	-9620.7305
-9594.9033	-9592.8994	-9578.4531	-9567.2715	-9547.835
-9525.7217	-9525.1387	-9492.5332	-9481.96	-9494.0664
-9593.4189	-10100.2432	-10139.6426	-10204.4727	-10244.3984
-10248.1689	-10259.3818	-10248.3564	-10236.4453	-10261.0586
-10312.3916	-10384.002	-10668.8271	-10741.4756	-10751.1416
-10747.5166	-10729.0039	-10744.5518	-10783.7344	-10837.5625
-10884.3955	-10928.085	-11021.2646	-11133.7451	-11159.5068
-10613.4063	-10661.2939	-10721.0049	-10776.4385	-10820.4678
-10869.4844	-10903.0479	-10911.4531	-10912.9141	-10909.6426
-10913.1875	-10904.5156	-10888.5947	-10863.498	-10833.6553
-10793.7129	-10757.873	-10727.25	-10704.585	-10687.1621
-10674.7354	-10662.1992	-10645.7314	-10626.4229	-10604.7305
-10575.458	-10556.084	-10618.9639	-10623.8496	-10555.9844
-10503.085	-10411.8408	-10318.2119	-10215.373	-10107.502
-9995.5781	-9925.1846	-9868.3584	-9804.2354	-9711.1563
-9684.7861	-9679.9492	-9676.2275	-9655.332	-9643.7949
-9614.1602	-9607.4502	-9598.4131	-9569.8232	-9566.4121
-9594.5518	-9602.8477	-10247.4121	-10250.2549	-10289.2266
-10295.1025	-10292.1982	-10307.1924	-10343.3994	-10364.5342
-10420.4082	-10482.4922	-10609.8828	-10827.7256	-10851.9326
-10838.0947	-10799.9141	-10788.0234	-10811.2969	-10858.6611
-10929.6709	-10973.9707	-11061.9873	-11144.8213	-11157.876
-10666.4082	-10718.1885	-10774.2656	-10833.7334	-10885.5762
-10932.9336	-10956.0596	-10977.2773	-10989.1992	-10987.2705
-10984.3818	-10974.8311	-10950.9824	-10922.8652	-10893.1631
-10867.9434	-10839.7529	-10816.0625	-10802.4795	-10783.4648
-10767.7246	-10751.2578	-10733.6094	-10717.2354	-10698.3682
-10673.8994	-10655.8916	-10734.415	-10792.3994	-10747.6631
-10678.5264	-10563.5264	-10440.9502	-10375.7734	-10211.124
-10108.5996	-10020.7686	-9960.0127	-9909.9023	-9872.0781
-9793.9736	-9742.9053	-9749.7695	-9737.9668	-9709.0342
-9691.7627	-9681.791	-9672.9287	-9645.1299	-9637.5322
-9650.8506	-9662.7266	-9797.8477	-10258.6279	-10320.0811
-10326.5352	-10329.0186	-10351.5059	-10381.6406	-10417.3848
-10465.2969	-10545.3379	-10636.8555	-10823.6826	-10904.4395
-10878.3037	-10861.1406	-10843.6924	-10840.2051	-10884.334
-10960.6934	-11033.9316	-11113.2568	-11161.9395	-11159.9385
-11041.0898	-11026.4297	-11011.6104	-10994.6201	-10969.167
-10947.4824	-10922.915	-10908.7197	-10900.5078	-10880.5879
-10860.084	-10842.373	-10829.0439	-10814.6924	-10797.0293
-10778.7148	-10752.0703	-10802.1924	-10870.5361	-10839.9424
-10781.5703	-10675.4043	-10554.8594	-10466.4873	-10352.6768
-10201.6445	-10118.1299	-10054.8018	-10005.6982	-9955.1475
-9876.0498	-9814.5557	-9784.498	-9780.5654	-9766.708
-9759.541	-9760.541	-9745.6797	-9742.9639	-9754.5635
-9757.666	-9761.6934	-9735.2813	-9770.2471	-10360.7656
-10329.3584	-10340.7168	-10400.7842	-10449.5176	-10481.2188
-10513.9619	-10587.3105	-10665.9824	-10785.2715	-10940.1777
-10922.7734	-10886.7295	-10874.0605	-10866.2832	-10899.1807
-10966.2842	-11068.4268	-11137.7295	-11175.5869	-11172.3545
-11038.502	-11022.9561	-11008.9912	-10997.2246	-10977.4219
-10961.3496	-10946.9756	-10933.1094	-10912.7461	-10892.3193
-10882.5811	-10853.5371	-10870.3418	-10927.4746	-10900.4561
-10839.4922	-10735.6016	-10641.4746	-10567.3643	-10480.3887
-9806.084	-9816.4736	-9813.3281	-9823.2988	-9854.0361
-9851.4512	-9854.7822	-9831.6992	-9823.9121	-10115.7969
-10345.7686	-10348.3525	-10433.9668	-10510.5059	-10540.0957
-10568.209	-10633.5205	-10709.6484	-10792.7432	-10931.1836
-10995.0371	-10921.084	-10891.8213	-10892.9707	-10920.6113
-10994.458	-11093.2236	-11164.9824	-11209.0781	-11211.6016
-11134.0898	-11127.4219	-11115.6924	-11096.6816	-11078.6279
-11066.1172	-11051.1377	-11034.7715	-11012.5938	-10994.001
-10973.6309	-10950.9424	-10931.1201	-10987.8379	-10970.7031
-10913.4922	-10831.9014	-10739.8066	-10653.1875	-10564.3271
-9862.1201	-9861.8984	-9888.167	-9918.9912	-9961.9678
-10346.6221	-10367.8223	-10432.8057	-10532.2461	-10588.7441
-10638.0791	-10685.96	-10744.1855	-10818.2539	-10902.6211
-11011.6445	-11036.001	-10923.0049	-10904.376	-10953.7275
-11040.1553	-11130.7119	-11199.3896	-11266.3594	-11304.4668
-11218.4229	-11202.3467	-11193.8584	-11173.8428	-11155.8525
-11149.8428	-11137.0078	-11123.7705	-11096.3828	-11090.7715
-11084	-11080.3145	-11049.6357	-11089.9814	-11057.9199
-10701.4531	-10786.8799	-10824.7773	-10866.7383	-10926.6758
-10998.8887	-11078.0791	-11097.6123	-10941.5508	-10986.1826
-11088.9609	-11166.9199	-11228.5146	-11293.0537	-11325.8535
-11267.9834	-11258.6436	-11248.249	-11230.2383	-11213.7881
-11201.667	-11196.7988	-11187.4434	-11167.374	-11166.6279
-11177.6348	-11170.6455	-11130.5459	-11139.5117	-11121.3223
-10734.2344	-10832.6572	-10877.3145	-10902.8457	-10959.7451
-11016.5059	-11073.1504	-11152.4229	-11266.3662	-11233.7461
-11128.6064	-11217.0107	-11276.3271	-11312.0039	-11318.4951
-11237.498	-11227.8291	-11188.624	-11175.3994	-11175.8086
-10789.9863	-10868.5771	-10945.9346	-10962.2842	-10990.2754
-11037.4053	-11077.5645	-11170.8379	-11287.2559	-11360.7627
-11335.9619	-11296.1758	-11336	-11366.6143	-11375.9082
-10843.6309	-10920.0283	-11018.71	-11038.9365	-11050.6826
-11096.457	-11147.7061	-11213.2588	-11317.5918	-11398.6953
-11431.4258	-11437.4775	-11450.3047	-11486.1621	-11492.2666
-11132.9668	-11203.2451	-11269.3721	-11349.8135	-11426.7324
-11477.709	-11504.3721	-11551.3896	-11624.04	-11625.9678
-11143.834	-11214.2988	-11291.7813	-11364.2236	-11429.9971
-11493.9365	-11569.2715	-11618.7734	-11683.208	-11693.2109
