0.1E+31 0.1E+31 0.1E+31 0.1E+31 0.1E+31 
0.1E+31 0.1E+31 0.1E+31 0.1E+31 0.1E+31 
0.1E+31 0.1E+31 0.1E+31 0.1E+31 0.1E+31 
0.1E+31 0.1E+31 0.1E+31 0.1E+31 0.1E+31 
0.1E+31 0.1E+31 0.1E+31 0.1E+31 0.1E+31 
0.1E+31 0.1E+31 0.1E+31 0.1E+31 0.1E+31 
0.1E+31 0.1E+31 0.1E+31 0.1E+31 0.1E+31 
0.1E+31 0.1E+31 0.1E+31 0.1E+31 0.1E+31 
0.1E+31 0.1E+31 0.1E+31 0.1E+31 0.1E+31 
0.1E+31 0.1E+31 0.1E+31 0.1E+31 0.1E+31 
0.1E+31 0.1E+31 0.1E+31 0.1E+31 0.1E+31 
0.1E+31 0.1E+31 0.1E+31 0.1E+31 0.1E+31 
0.1E+31 0.1E+31 0.1E+31 0.1E+31 0.1E+31 
0.1E+31 0.1E+31 0.1E+31 0.1E+31 0.1E+31 
0.1E+31 0.1E+31 0.1E+31 0.1E+31 0.1E+31 
0.1E+31 0.1E+31 0.1E+31 0.1E+31 0.1E+31 
0.1E+31 0.1E+31 0.1E+31 0.1E+31 0.1E+31 
0.1E+31 0.1E+31 
0.1E+31 0.1E+31 0.1E+31 0.1E+31 0.1E+31 
0.1E+31 0.1E+31 0.1E+31 0.1E+31 0.1E+31 
0.1E+31 0.1E+31 0.1E+31 0.1E+31 0.1E+31 
0.1E+31 0.1E+31 0.1E+31 0.1E+31 0.1E+31 
0.1E+31 0.1E+31 0.1E+31 0.1E+31 0.1E+31 
0.1E+31 -9089.699219 -9110.445313 -9155.547852 -9202.728516 
-9236.850586 -9274.788086 -9283.199219 -9283.759766 -9317.699219 
-9337.676758 -9346.288086 -9430.365234 -9496.802734 -9543.564453 
-9589.343750 -9618.501953 -9630.815430 -9653.018555 -9682.004883 
-9732.208984 -9737.562500 -9682.822266 -9667.364258 0.1E+31 
0.1E+31 0.1E+31 0.1E+31 0.1E+31 0.1E+31 
0.1E+31 0.1E+31 0.1E+31 0.1E+31 0.1E+31 
0.1E+31 0.1E+31 0.1E+31 0.1E+31 0.1E+31 
0.1E+31 0.1E+31 0.1E+31 0.1E+31 0.1E+31 
0.1E+31 0.1E+31 0.1E+31 0.1E+31 0.1E+31 
0.1E+31 0.1E+31 0.1E+31 0.1E+31 0.1E+31 
0.1E+31 0.1E+31 0.1E+31 0.1E+31 0.1E+31 
0.1E+31 0.1E+31 
0.1E+31 0.1E+31 0.1E+31 0.1E+31 0.1E+31 
0.1E+31 0.1E+31 0.1E+31 0.1E+31 0.1E+31 
0.1E+31 0.1E+31 0.1E+31 0.1E+31 0.1E+31 
0.1E+31 0.1E+31 0.1E+31 0.1E+31 0.1E+31 
0.1E+31 0.1E+31 -8974.279297 -8994.570313 -9043.753906 
-9072.401367 -9083.100586 -9086.978516 -9125.176758 -9167.704102 
-9214.115234 -9280.479492 -9313.107422 -9320.371094 -9353.216797 
-9392.187500 -9400.285156 -9459.381836 -9537.842773 -9600.816406 
-9669.477539 -9723.404297 -9746.952148 -9782.806641 -9811.493164 
-9820.527344 -9796.219727 -9747.396484 -9701.583008 -9656.085938 
0.1E+31 0.1E+31 0.1E+31 0.1E+31 0.1E+31 
0.1E+31 0.1E+31 0.1E+31 0.1E+31 0.1E+31 
0.1E+31 0.1E+31 0.1E+31 0.1E+31 0.1E+31 
0.1E+31 0.1E+31 0.1E+31 0.1E+31 0.1E+31 
0.1E+31 0.1E+31 0.1E+31 0.1E+31 0.1E+31 
0.1E+31 0.1E+31 0.1E+31 0.1E+31 0.1E+31 
0.1E+31 0.1E+31 0.1E+31 0.1E+31 0.1E+31 
0.1E+31 0.1E+31 
0.1E+31 0.1E+31 0.1E+31 0.1E+31 0.1E+31 
0.1E+31 0.1E+31 0.1E+31 0.1E+31 0.1E+31 
0.1E+31 0.1E+31 0.1E+31 0.1E+31 0.1E+31 
0.1E+31 0.1E+31 0.1E+31 0.1E+31 0.1E+31 
0.1E+31 -9035.290039 -9004.516602 -9015.567383 -9055.710938 
-9077.445313 -9057.551758 -9041.513672 -9056.408203 -9104.612305 
-9173.599609 -9253.031250 -9312.715820 -9344.401367 -9357.447266 
-9382.769531 -9389.774414 -9454.290039 -9523.558594 -9590.050781 
-9680.389648 -9757.534180 -9805.950195 -9850.237305 -9876.797852 
-9872.159180 -9855.258789 -9817.879883 -9776.627930 -9719.551758 
-9700.939453 -9756.151367 0.1E+31 0.1E+31 0.1E+31 
0.1E+31 0.1E+31 0.1E+31 0.1E+31 0.1E+31 
0.1E+31 0.1E+31 0.1E+31 0.1E+31 0.1E+31 
0.1E+31 0.1E+31 0.1E+31 0.1E+31 0.1E+31 
0.1E+31 0.1E+31 0.1E+31 0.1E+31 0.1E+31 
0.1E+31 0.1E+31 0.1E+31 0.1E+31 0.1E+31 
0.1E+31 0.1E+31 0.1E+31 0.1E+31 0.1E+31 
0.1E+31 0.1E+31 
0.1E+31 0.1E+31 0.1E+31 0.1E+31 0.1E+31 
0.1E+31 0.1E+31 0.1E+31 0.1E+31 0.1E+31 
0.1E+31 0.1E+31 0.1E+31 0.1E+31 0.1E+31 
0.1E+31 0.1E+31 0.1E+31 0.1E+31 -9184.819336 
-9138.704102 -9085.290039 -9027.731445 -9015.049805 -9022.900391 
-9028.028320 -9056.684570 -9056.216797 -9036.128906 -9052.134766 
-9153.412109 -9238.975586 -9302.809570 -9328.421875 -9333.631836 
-9343.840820 -9358.579102 -9424.409180 -9497.375000 -9577.983398 
-9648.688477 -9731.156250 -9799.706055 -9854.194336 -9883.036133 
-9883.874023 -9863.205078 -9839.578125 -9807.325195 -9759.706055 
-9726.264648 -9766.443359 -9776.928711 -9736.973633 -9747.094727 
0.1E+31 0.1E+31 0.1E+31 0.1E+31 0.1E+31 
0.1E+31 0.1E+31 0.1E+31 0.1E+31 0.1E+31 
0.1E+31 0.1E+31 0.1E+31 0.1E+31 0.1E+31 
0.1E+31 0.1E+31 0.1E+31 0.1E+31 0.1E+31 
0.1E+31 0.1E+31 0.1E+31 0.1E+31 0.1E+31 
0.1E+31 0.1E+31 0.1E+31 0.1E+31 0.1E+31 
0.1E+31 0.1E+31 
0.1E+31 0.1E+31 0.1E+31 0.1E+31 0.1E+31 
0.1E+31 0.1E+31 0.1E+31 0.1E+31 0.1E+31 
0.1E+31 0.1E+31 0.1E+31 0.1E+31 0.1E+31 
0.1E+31 0.1E+31 0.1E+31 -9257.108398 -9238.163086 
-9197.205078 -9128.559570 -9020.626953 -8977.485352 -8966.230469 
-8977.884766 -9022.216797 -9053.823242 -9040.746094 -9034.231445 
-9087.138672 -9187.156250 -9247.613281 -9269.936523 -9290.124023 
-9302.469727 -9316.472656 -9376.933594 -9466.844727 -9565.917969 
-9649.459961 -9716.625977 -9776.615234 -9837.429688 -9871.566406 
-9888.017578 -9872.279297 -9843.485352 -9803.727539 -9774.139648 
-9748.912109 -9766.160156 -9794.256836 -9758.094727 -9735.399414 
-9864.782227 -9990.816406 -10023.648438 -10044.532227 -10105.208984 
-10198.325195 0.1E+31 0.1E+31 0.1E+31 0.1E+31 
0.1E+31 0.1E+31 0.1E+31 0.1E+31 0.1E+31 
0.1E+31 0.1E+31 0.1E+31 0.1E+31 0.1E+31 
0.1E+31 0.1E+31 0.1E+31 0.1E+31 0.1E+31 
0.1E+31 0.1E+31 0.1E+31 0.1E+31 0.1E+31 
0.1E+31 0.1E+31 
0.1E+31 0.1E+31 0.1E+31 0.1E+31 0.1E+31 
0.1E+31 0.1E+31 0.1E+31 0.1E+31 0.1E+31 
0.1E+31 0.1E+31 0.1E+31 0.1E+31 0.1E+31 
0.1E+31 0.1E+31 -9294.570313 -9279.495117 -9284.721680 
-9238.814453 -9170.386719 -9074.407227 -8997.530273 -8986.620117 
-8986.314453 -9002.033203 -9037.008789 -9055.558594 -9030.336914 
-9043.441406 -9113.428711 -9175.317383 -9212.503906 -9248.825195 
-9266.784180 -9269.388672 -9320.334961 -9414.471680 -9502.264648 
-9587.816406 -9665.955078 -9743.538086 -9811.530273 -9858.576172 
-9877.573242 -9886.881836 -9871.997070 -9822.931641 -9800.494141 
-9783.032227 -9764.782227 -9770.511719 -9753.391602 -9727.836914 
-9836.666992 -10005.587891 -10085.313477 -10133.347656 -10178.467773 
-10252.215820 -10345.768555 0.1E+31 0.1E+31 0.1E+31 
0.1E+31 0.1E+31 0.1E+31 0.1E+31 0.1E+31 
0.1E+31 0.1E+31 0.1E+31 0.1E+31 0.1E+31 
0.1E+31 0.1E+31 0.1E+31 0.1E+31 0.1E+31 
0.1E+31 0.1E+31 0.1E+31 0.1E+31 0.1E+31 
0.1E+31 0.1E+31 
0.1E+31 0.1E+31 0.1E+31 0.1E+31 0.1E+31 
0.1E+31 0.1E+31 0.1E+31 0.1E+31 0.1E+31 
0.1E+31 0.1E+31 0.1E+31 0.1E+31 0.1E+31 
0.1E+31 0.1E+31 -9272.376953 -9262.043945 -9265.218750 
-9247.681641 -9200.095703 -9160.587891 -9092.791992 -9032.814453 
-9027.216797 -9020.833984 -9021.004883 -9033.652344 -9006.453125 
-8983.100586 -8954.762695 -9074.350586 -9140.656250 -9202.002930 
-9213.289063 -9202.553711 -9258.426758 -9348.356445 -9434.006836 
-9515.813477 -9591.100586 -9684.250977 -9768.291992 -9827.796875 
-9853.353516 -9885.766602 -9889.171875 -9859.905273 -9845.230469 
-9833.934570 -9820.940430 -9806.758789 -9778.912109 -9758.317383 
-9851.356445 -10036.718750 -10122.345703 -10182.705078 -10235.421875 
-10315.359375 -10397.849609 -10450.592773 0.1E+31 0.1E+31 
0.1E+31 0.1E+31 0.1E+31 0.1E+31 0.1E+31 
0.1E+31 0.1E+31 0.1E+31 0.1E+31 0.1E+31 
0.1E+31 0.1E+31 0.1E+31 0.1E+31 0.1E+31 
0.1E+31 0.1E+31 0.1E+31 0.1E+31 0.1E+31 
0.1E+31 0.1E+31 
0.1E+31 0.1E+31 0.1E+31 0.1E+31 0.1E+31 
0.1E+31 0.1E+31 0.1E+31 0.1E+31 0.1E+31 
0.1E+31 0.1E+31 0.1E+31 0.1E+31 0.1E+31 
0.1E+31 0.1E+31 -9235.497070 -9221.418945 -9240.418945 
-9264.387695 -9261.064453 -9227.752930 -9178.464844 -9074.730469 
-9062.385742 -9044.385742 -9029.690430 -9020.432617 -9005.362305 
-8965.706055 -8924.138672 -8963.308594 -9040.958008 -9130.860352 
-9172.630859 -9171.894531 -9213.719727 -9305.848633 -9389.662109 
-9464.068359 -9544.333984 -9644.824219 -9735.182617 -9804.315430 
-9840.506836 -9875.641602 -9879.386719 -9832.858398 -9815.853516 
-9818.366211 -9824.882813 -9816.038086 -9795.614258 -9788.199219 
-9876.147461 -10040.963867 -10127.825195 -10208.219727 -10282.113281 
-10329.419922 -10366.881836 -10447.290039 -10482.787109 0.1E+31 
0.1E+31 0.1E+31 0.1E+31 0.1E+31 0.1E+31 
0.1E+31 0.1E+31 0.1E+31 0.1E+31 0.1E+31 
0.1E+31 0.1E+31 0.1E+31 0.1E+31 0.1E+31 
0.1E+31 0.1E+31 0.1E+31 0.1E+31 0.1E+31 
0.1E+31 0.1E+31 
0.1E+31 0.1E+31 0.1E+31 0.1E+31 0.1E+31 
0.1E+31 0.1E+31 0.1E+31 0.1E+31 0.1E+31 
0.1E+31 0.1E+31 0.1E+31 0.1E+31 0.1E+31 
0.1E+31 -9180.679688 -9185.109375 -9247.052734 -9299.453125 
-9320.930664 -9331.629883 -9299.617188 -9259.343750 -9132.026367 
-9089.949219 -9058.666992 -9039.109375 -9008.987305 -9004.066406 
-8971.750977 -8938.474609 -8951.026367 -8964.096680 -9054.869141 
-9123.110352 -9145.293945 -9167.196289 -9245.495117 -9336.083984 
-9403.087891 -9483.737305 -9577.972656 -9670.921875 -9738.022461 
-9783.834961 -9833.169922 -9827.932617 -9764.356445 -9759.128906 
-9768.147461 -9778.624023 -9770.599609 -9765.178711 -9784.299805 
-9871.961914 -9999.523438 -10096.724609 -10177.267578 -10285.806641 
-10334.084961 -10337.440430 -10408.900391 -10476.535156 -10489.602539 
-10487.378906 0.1E+31 0.1E+31 0.1E+31 0.1E+31 
0.1E+31 0.1E+31 0.1E+31 0.1E+31 0.1E+31 
0.1E+31 0.1E+31 0.1E+31 0.1E+31 0.1E+31 
0.1E+31 0.1E+31 0.1E+31 0.1E+31 0.1E+31 
0.1E+31 0.1E+31 
0.1E+31 0.1E+31 0.1E+31 0.1E+31 0.1E+31 
0.1E+31 0.1E+31 0.1E+31 0.1E+31 0.1E+31 
0.1E+31 0.1E+31 0.1E+31 0.1E+31 0.1E+31 
0.1E+31 -9131.150391 -9131.271484 -9196.962891 -9336.726563 
-9363.989258 -9353.611328 -9334.492188 -9292.056641 -9213.239258 
-9095.079102 -9064.017578 -9031.899414 -8993.862305 -8978.639648 
-8960.087891 -8920.965820 -8939.367188 -8939.568359 -9014.436523 
-9079.254883 -9082.248047 -9112.273438 -9174.814453 -9237.546875 
-9311.945313 -9409.549805 -9511.145508 -9601.694336 -9679.752930 
-9739.075195 -9784.260742 -9766.130859 -9676.505859 -9684.659180 
-9703.361328 -9702.716797 -9687.047852 -9689.264648 -9746.980469 
-9855.009766 -9973.087891 -10076.144531 -10155.199219 -10255.932617 
-10355.363281 -10340.910156 -10365.944336 -10424.636719 -10470.582031 
-10484.681641 -10514.839844 0.1E+31 0.1E+31 0.1E+31 
0.1E+31 0.1E+31 0.1E+31 0.1E+31 0.1E+31 
0.1E+31 0.1E+31 0.1E+31 0.1E+31 0.1E+31 
0.1E+31 0.1E+31 0.1E+31 0.1E+31 0.1E+31 
0.1E+31 0.1E+31 
0.1E+31 0.1E+31 0.1E+31 0.1E+31 0.1E+31 
0.1E+31 0.1E+31 0.1E+31 0.1E+31 0.1E+31 
0.1E+31 0.1E+31 0.1E+31 0.1E+31 0.1E+31 
-9040.440430 -9054.835938 -9084.067383 -9104.255859 -9247.315430 
-9374.026367 -9338.118164 -9337.216797 -9320.925781 -9263.921875 
-9135.862305 -9068.754883 -9028.871094 -8996.148438 -8951.026367 
-8928.435547 -8907.862305 -8888.560547 -8921.362305 -8999.692383 
-9041.439453 -9035.640625 -9081.897461 -9162.068359 -9227.333008 
-9306.294922 -9386.136719 -9482.968750 -9575.143555 -9660.347656 
-9726.748047 -9773.219727 -9751.565430 -9640.157227 -9632.261719 
-9631.358398 -9606.803711 -9591.850586 -9616.961914 -9687.583008 
-9790.529297 -9933.137695 -10033.087891 -10108.510742 -10217.625977 
-10336.950195 -10360.587891 -10385.984375 -10392.023438 -10435.824219 
-10488.705078 -10544.340820 -10580.831055 0.1E+31 0.1E+31 
0.1E+31 0.1E+31 0.1E+31 0.1E+31 0.1E+31 
0.1E+31 0.1E+31 0.1E+31 0.1E+31 0.1E+31 
0.1E+31 0.1E+31 0.1E+31 0.1E+31 0.1E+31 
0.1E+31 0.1E+31 
0.1E+31 0.1E+31 0.1E+31 0.1E+31 0.1E+31 
0.1E+31 0.1E+31 0.1E+31 0.1E+31 0.1E+31 
0.1E+31 0.1E+31 0.1E+31 0.1E+31 0.1E+31 
-8945.174805 -8972.566406 -9045.072266 -9084.691406 -9122.340820 
-9263.776367 -9323.355469 -9312.101563 -9327.050781 -9308.114258 
-9200.848633 -9065.681641 -9024.458008 -8997.466797 -8924.345703 
-8882.824219 -8871.463867 -8830.897461 -8871.786133 -8956.782227 
-8995.714844 -8993.705078 -9037.123047 -9133.346680 -9217.727539 
-9303.056641 -9378.600586 -9474.125977 -9558.019531 -9629.736328 
-9689.905273 -9729.370117 -9704.236328 -9659.259766 -9596.137695 
-9569.676758 -9558.307617 -9578.390625 -9584.123047 -9630.809570 
-9733.474609 -9869.760742 -9975.986328 -10026.882813 -10119.334961 
-10274.940430 -10336.315430 -10413.801758 -10375.455078 -10379.541016 
-10452.499023 -10550.979492 -10605.720703 -10629.841797 0.1E+31 
0.1E+31 0.1E+31 0.1E+31 0.1E+31 0.1E+31 
0.1E+31 0.1E+31 0.1E+31 0.1E+31 0.1E+31 
0.1E+31 0.1E+31 0.1E+31 0.1E+31 0.1E+31 
0.1E+31 0.1E+31 
0.1E+31 0.1E+31 0.1E+31 0.1E+31 0.1E+31 
0.1E+31 0.1E+31 0.1E+31 0.1E+31 0.1E+31 
0.1E+31 0.1E+31 0.1E+31 0.1E+31 0.1E+31 
-8926.416016 -8950.857422 -9042.783203 -9097.512695 -9094.729492 
-9139.455078 -9286.015625 -9309.703125 -9338.382813 -9316.514648 
-9244.898438 -9081.721680 -9021.501953 -8995.301758 -8921.632813 
-8854.829102 -8830.175781 -8783.581055 -8809.379883 -8896.050781 
-8936.733398 -8959.344727 -8993.558594 -9082.164063 -9164.055664 
-9260.775391 -9343.914063 -9430.621094 -9509.243164 -9576.717773 
-9633.467773 -9649.934570 -9641.395508 -9630.923828 -9576.186523 
-9555.772461 -9560.266602 -9570.281250 -9560.155273 -9584.949219 
-9668.888672 -9822.904297 -9922.800781 -9973.346680 -10037.039063 
-10223.230469 -10323.857422 -10390.011719 -10390.107422 -10365.479492 
-10412.710938 -10501.813477 -10585.875000 -10633.887695 -10651.625000 
0.1E+31 0.1E+31 0.1E+31 0.1E+31 0.1E+31 
0.1E+31 0.1E+31 0.1E+31 0.1E+31 0.1E+31 
0.1E+31 0.1E+31 0.1E+31 0.1E+31 0.1E+31 
0.1E+31 0.1E+31 
0.1E+31 0.1E+31 0.1E+31 0.1E+31 0.1E+31 
0.1E+31 0.1E+31 0.1E+31 0.1E+31 0.1E+31 
0.1E+31 0.1E+31 0.1E+31 0.1E+31 0.1E+31 
0.1E+31 -8962.262695 -9011.848633 -9097.541016 -9087.381836 
-9072.193359 -9156.313477 -9334.711914 -9350.900391 -9322.487305 
-9288.835938 -9092.737305 -9020.993164 -8979.651367 -8915.364258 
-8844.083008 -8794.694336 -8750.784180 -8752.812500 -8824.909180 
-8871.781250 -8933.771484 -8971.354492 -9041.683594 -9127.879883 
-9219.643555 -9312.225586 -9405.749023 -9485.591797 -9551.930664 
-9568.908203 -9564.545898 -9587.583984 -9594.208008 -9590.643555 
-9600.019531 -9570.221680 -9564.291992 -9543.271484 -9558.634766 
-9627.316406 -9779.466797 -9886.658203 -9941.945313 -10017.875000 
-10189.429688 -10298.190430 -10301.853516 -10337.889648 -10368.057617 
-10428.616211 -10456.265625 -10518.017578 -10579.672852 -10626.025391 
-10690.334961 0.1E+31 0.1E+31 0.1E+31 0.1E+31 
0.1E+31 0.1E+31 0.1E+31 0.1E+31 0.1E+31 
0.1E+31 0.1E+31 0.1E+31 0.1E+31 0.1E+31 
0.1E+31 0.1E+31 
0.1E+31 0.1E+31 0.1E+31 0.1E+31 0.1E+31 
0.1E+31 0.1E+31 0.1E+31 0.1E+31 0.1E+31 
0.1E+31 0.1E+31 0.1E+31 0.1E+31 0.1E+31 
0.1E+31 -8939.935547 -8973.186523 -9061.931641 -9069.623047 
-9047.955078 -9130.384766 -9364.242188 -9354.387695 -9332.318359 
-9294.486328 -9205.569336 -9028.895508 -8972.804688 -8892.336914 
-8828.483398 -8772.494141 -8745.434570 -8726.643555 -8776.009766 
-8844.788086 -8938.795898 -8977.547852 -9032.986328 -9120.335938 
-9207.253906 -9292.262695 -9373.307617 -9449.445313 -9486.351563 
-9475.330078 -9497.339844 -9528.802734 -9547.635742 -9577.213867 
-9614.681641 -9643.470703 -9580.790039 -9523.029297 -9542.087891 
-9593.710938 -9690.964844 -9826.398438 -9866.388672 -9938.347656 
-10018.013672 -10219.329102 -10192.035156 -10232.383789 -10312.271484 
-10392.724609 -10412.243164 -10418.967773 -10480.327148 -10575.886719 
-10686.193359 -10755.845703 -10804.958008 0.1E+31 0.1E+31 
-10960.853516 -11002.911133 -11054.675781 -11113.902344 -11172.716797 
-11255.435547 -11329.695313 -11397.234375 0.1E+31 0.1E+31 
0.1E+31 0.1E+31 
0.1E+31 0.1E+31 0.1E+31 0.1E+31 0.1E+31 
0.1E+31 0.1E+31 0.1E+31 0.1E+31 0.1E+31 
0.1E+31 0.1E+31 0.1E+31 0.1E+31 0.1E+31 
0.1E+31 0.1E+31 -8945.356445 -8983.210938 -9008.461914 
-9002.739258 -9011.617188 -9120.555664 -9328.921875 -9341.105469 
-9304.763672 -9265.149414 -9060.488281 -8987.430664 -8900.282227 
-8838.224609 -8788.111328 -8754.011719 -8744.023438 -8766.623047 
-8825.133789 -8921.819336 -8970.317383 -9035.930664 -9123.928711 
-9208.885742 -9283.582031 -9341.601563 -9391.276367 -9394.775391 
-9398.293945 -9432.713867 -9434.439453 -9453.021484 -9497.277344 
-9534.060547 -9546.748047 -9556.143555 -9558.587891 -9554.416016 
-9555.361328 -9614.741211 -9723.498047 -9767.759766 -9819.479492 
-9885.057617 -10040.552734 -10085.570313 -10137.209961 -10218.092773 
-10303.588867 -10350.108398 -10366.200195 -10446.651367 -10539.212891 
-10636.870117 -10734.095703 -10805.780273 -10872.131836 -10926.404297 
-10971.488281 -10999.291992 -11025.816406 -11087.312500 -11173.171875 
-11268.433594 -11351.003906 -11391.940430 -11461.820313 -11580.916016 
0.1E+31 0.1E+31 
0.1E+31 0.1E+31 0.1E+31 0.1E+31 0.1E+31 
0.1E+31 0.1E+31 0.1E+31 0.1E+31 0.1E+31 
0.1E+31 0.1E+31 0.1E+31 0.1E+31 0.1E+31 
0.1E+31 0.1E+31 -8916.649414 -8947.291016 -8954.928711 
-8960.989258 -8974.162109 -9028.133789 -9300.582031 -9349.799805 
-9323.005859 -9266.445313 -9121.247070 -8967.888672 -8896.372070 
-8841.798828 -8806.363281 -8760.830078 -8740.087891 -8760.750977 
-8803.105469 -8881.272461 -8957.807617 -9030.875000 -9112.736328 
-9207.505859 -9296.860352 -9351.719727 -9354.391602 -9327.282227 
-9320.896484 -9330.219727 -9342.097656 -9367.872070 -9391.823242 
-9413.617188 -9453.068359 -9479.832031 -9478.773438 -9499.781250 
-9516.805664 -9553.002930 -9629.889648 -9683.958008 -9738.863281 
-9792.661133 -9896.986328 -10008.848633 -10075.482422 -10151.297852 
-10220.773438 -10279.156250 -10313.232422 -10414.829102 -10489.260742 
-10560.831055 -10664.418945 -10767.280273 -10834.986328 -10885.104492 
-10932.495117 -10967.333008 -10982.419922 -11023.790039 -11131.948242 
-11256.184570 -11313.295898 -11341.851563 -11389.643555 -11495.668945 
-11586.730469 0.1E+31 
0.1E+31 0.1E+31 0.1E+31 0.1E+31 0.1E+31 
0.1E+31 0.1E+31 0.1E+31 0.1E+31 0.1E+31 
0.1E+31 0.1E+31 0.1E+31 0.1E+31 0.1E+31 
0.1E+31 0.1E+31 0.1E+31 -8933.414063 -8926.852539 
-8937.357422 -8965.431641 -8985.006836 -9188.307617 -9345.766602 
-9326.090820 -9280.641602 -9099.481445 -8943.047852 -8888.428711 
-8842.551758 -8811.927734 -8772.916016 -8742.153320 -8755.256836 
-8779.151367 -8828.708984 -8919.422852 -8982.033203 -9066.575195 
-9171.822266 -9266.456055 -9287.490234 -9276.720703 -9243.351563 
-9248.440430 -9294.675781 -9334.435547 -9337.737305 -9321.369141 
-9336.665039 -9387.279297 -9400.597656 -9407.208984 -9425.148438 
-9444.504883 -9482.218750 -9543.309570 -9595.628906 -9664.166016 
-9732.561523 -9806.611328 -9936.291016 -10027.690430 -10098.305664 
-10137.424805 -10189.464844 -10243.685547 -10350.705078 -10428.484375 
-10477.573242 -10560.771484 -10673.298828 -10741.171875 -10795.399414 
-10856.514648 -10915.090820 -10942.792969 -10960.377930 -11055.984375 
-11178.355469 -11235.198242 -11283.913086 -11320.688477 -11375.335938 
-11450.636719 0.1E+31 
0.1E+31 0.1E+31 0.1E+31 0.1E+31 0.1E+31 
0.1E+31 0.1E+31 0.1E+31 0.1E+31 0.1E+31 
0.1E+31 0.1E+31 0.1E+31 0.1E+31 0.1E+31 
0.1E+31 0.1E+31 0.1E+31 -8927.134766 -8922.032227 
-8915.783203 -8943.326172 -8952.320313 -9031.751953 -9325.945313 
-9320.675781 -9280.292969 -9197.330078 -8938.494141 -8881.627930 
-8848.685547 -8811.630859 -8765.257813 -8722.135742 -8717.729492 
-8711.810547 -8722.681641 -8831.466797 -8894.497070 -8963.347656 
-9070.860352 -9149.618164 -9184.364258 -9190.424805 -9188.233398 
-9230.747070 -9278.227539 -9305.942383 -9308.871094 -9281.249023 
-9286.203125 -9322.541016 -9339.664063 -9358.237305 -9379.417969 
-9408.581055 -9435.151367 -9482.942383 -9537.257813 -9596.707031 
-9680.398438 -9780.010742 -9901.639648 -9983.074219 -10034.440430 
-10063.146484 -10085.131836 -10124.256836 -10204.549805 -10288.844727 
-10364.305664 -10459.790039 -10575.079102 -10659.940430 -10725.933594 
-10793.780273 -10859.716797 -10903.960938 -10945.180664 -11011.575195 
-11120.897461 -11190.212891 -11233.456055 -11280.095703 -11327.278320 
-11377.274414 0.1E+31 
0.1E+31 0.1E+31 0.1E+31 0.1E+31 0.1E+31 
0.1E+31 0.1E+31 0.1E+31 0.1E+31 0.1E+31 
0.1E+31 0.1E+31 0.1E+31 0.1E+31 0.1E+31 
0.1E+31 0.1E+31 0.1E+31 -8950.307617 -8948.750977 
-8940.391602 -8955.836914 -8963.890625 -9015.911133 -9255.903320 
-9309.063477 -9261.701172 -9206.433594 -8999.722656 -8877.076172 
-8845.731445 -8810.118164 -8761.391602 -8704.115234 -8680.586914 
-8669.658203 -8675.128906 -8707.429688 -8775.701172 -8863.449219 
-8942.377930 -9007.459961 -9077.758789 -9123.286133 -9139.041992 
-9196.427734 -9245.237305 -9287.242188 -9281.755859 -9246.605469 
-9257.354492 -9274.186523 -9285.541992 -9302.636719 -9337.966797 
-9391.978516 -9429.354492 -9458.895508 -9522.551758 -9583.106445 
-9662.862305 -9756.027344 -9840.311523 -9936.192383 -9981.978516 
-10027.930664 -10047.875000 -10075.895508 -10112.627930 -10176.357422 
-10246.863281 -10330.501953 -10447.523438 -10568.265625 -10655.132813 
-10731.542969 -10802.698242 -10873.112305 -10934.211914 -11002.089844 
-11095.051758 -11175.884766 -11202.625977 -11243.346680 -11304.807617 
-11353.879883 0.1E+31 
0.1E+31 0.1E+31 0.1E+31 0.1E+31 0.1E+31 
0.1E+31 0.1E+31 0.1E+31 0.1E+31 0.1E+31 
0.1E+31 0.1E+31 0.1E+31 0.1E+31 0.1E+31 
0.1E+31 0.1E+31 0.1E+31 -8969.891602 -8955.831055 
-8938.681641 -8938.079102 -8941.286133 -8939.448242 -9057.606445 
-9269.519531 -9237.674805 -9181.835938 -9064.527344 -8859.491211 
-8826.835938 -8788.074219 -8751.754883 -8700.352539 -8650.433594 
-8623.704102 -8630.148438 -8636.444336 -8662.336914 -8705.560547 
-8837.379883 -8922.765625 -9006.069336 -9054.302734 -9096.308594 
-9156.843750 -9214.625000 -9254.965820 -9248.889648 -9245.860352 
-9264.378906 -9269.756836 -9250.741211 -9244.595703 -9263.098633 
-9329.848633 -9399.848633 -9409.490234 -9462.400391 -9546.146484 
-9642.576172 -9727.935547 -9761.158203 -9853.815430 -9977.911133 
-10036.293945 -10061.589844 -10082.221680 -10103.545898 -10160.530273 
-10224.716797 -10269.369141 -10346.774414 -10455.305664 -10557.678711 
-10637.738281 -10715.951172 -10805.559570 -10882.927734 -10973.201172 
-11071.568359 -11168.862305 -11249.657227 -11309.184570 -11346.940430 
-11355.670898 0.1E+31 
0.1E+31 0.1E+31 0.1E+31 0.1E+31 0.1E+31 
0.1E+31 0.1E+31 0.1E+31 0.1E+31 0.1E+31 
0.1E+31 0.1E+31 0.1E+31 0.1E+31 0.1E+31 
0.1E+31 0.1E+31 0.1E+31 -8916.633789 -8919.063477 
-8899.967773 -8890.427734 -8886.665039 -8891.825195 -8970.430664 
-9175.834961 -9182.252930 -9128.962891 -9040.229492 -8822.069336 
-8770.196289 -8740.538086 -8714.837891 -8676.506836 -8622.229492 
-8591.098633 -8603.638672 -8612.838867 -8628.989258 -8610.685547 
-8645.917969 -8747.179688 -8965.555664 -9024.160156 -9079.530273 
-9141.834961 -9185.669922 -9191.913086 -9156.610352 -9205.372070 
-9251.869141 -9236.368164 -9196.710938 -9179.877930 -9189.931641 
-9241.128906 -9315.992188 -9334.336914 -9381.762695 -9472.033203 
-9581.147461 -9686.192383 -9737.489258 -9773.571289 -9880.674805 
-9993.281250 -10051.420898 -10099.191406 -10154.513672 -10179.236328 
-10203.934570 -10251.505859 -10324.447266 -10402.899414 -10499.207031 
-10576.724609 -10639.411133 -10720.010742 -10816.236328 -10929.704102 
-11036.644531 -11123.493164 -11218.541016 -11336.425781 -11450.088867 
-11459.195313 0.1E+31 
0.1E+31 0.1E+31 0.1E+31 0.1E+31 0.1E+31 
0.1E+31 0.1E+31 0.1E+31 0.1E+31 0.1E+31 
0.1E+31 0.1E+31 0.1E+31 0.1E+31 0.1E+31 
0.1E+31 0.1E+31 0.1E+31 -8900.713867 -8927.375977 
-8922.333984 -8882.407227 -8862.542969 -8860.030273 -8928.836914 
-9072.098633 -9120.130859 -9101.331055 -9013.470703 -8843.362305 
-8738.961914 -8724.243164 -8689.087891 -8649.421875 -8596.031250 
-8562.742188 -8585.514648 -8594.946289 -8559.039063 -8552.767578 
-8619.011719 -8705.129883 -8803.634766 -8914.250977 -9030.437500 
-9096.372070 -9107.583008 -9100.153320 -9084.419922 -9096.790039 
-9148.493164 -9159.497070 -9141.005859 -9123.196289 -9139.320313 
-9171.136719 -9229.282227 -9282.443359 -9322.231445 -9397.700195 
-9489.883789 -9600.613281 -9676.308594 -9730.428711 -9814.168945 
-9888.151367 -9955.446289 -10002.608398 -10103.992188 -10195.244141 
-10208.492188 -10243.572266 -10291.296875 -10377.061523 -10495.140625 
-10598.992188 -10653.463867 -10714.367188 -10767.855469 -10881.904297 
-11015.914063 -11131.499023 -11226.558594 -11305.568359 -11396.903320 
-11462.593750 0.1E+31 
0.1E+31 0.1E+31 0.1E+31 0.1E+31 0.1E+31 
0.1E+31 0.1E+31 0.1E+31 0.1E+31 0.1E+31 
0.1E+31 0.1E+31 0.1E+31 0.1E+31 0.1E+31 
0.1E+31 0.1E+31 -8968.554688 -8960.134766 -8966.430664 
-8957.786133 -8909.973633 -8873.571289 -8855.491211 -8927.109375 
-9049.671875 -9114.866211 -9100.875000 -9043.987305 -8915.898438 
-8769.086914 -8699.918945 -8656.454102 -8621.989258 -8567.979492 
-8525.103516 -8535.019531 -8533.603516 -8511.764648 -8531.011719 
-8616.325195 -8703.824219 -8744.340820 -8759.556641 -8839.070313 
-8957.013672 -9025.441406 -9031.900391 -9047.595703 -9049.255859 
-9056.450195 -9085.437500 -9101.264648 -9095.025391 -9110.963867 
-9137.927734 -9171.987305 -9253.929688 -9297.937500 -9351.894531 
-9440.723633 -9535.482422 -9614.378906 -9670.156250 -9754.131836 
-9841.652344 -9916.926758 -9974.055664 -10022.138672 -10083.875000 
-10168.944336 -10215.311523 -10255.006836 -10324.079102 -10429.555664 
-10557.899414 -10636.123047 -10706.449219 -10730.644531 -10798.051758 
-10930.346680 -11106.549805 -11229.282227 -11297.673828 -11347.877930 
-11403.571289 0.1E+31 
0.1E+31 0.1E+31 0.1E+31 0.1E+31 0.1E+31 
0.1E+31 0.1E+31 0.1E+31 0.1E+31 0.1E+31 
0.1E+31 0.1E+31 0.1E+31 0.1E+31 0.1E+31 
0.1E+31 0.1E+31 -9038.515625 -9021.299805 -9002.584961 
-8981.462891 -8944.898438 -8908.841797 -8876.640625 -8921.252930 
-9044.884766 -9121.889648 -9110.750000 -9058.599609 -8953.640625 
-8793.167969 -8678.038086 -8620.595703 -8580.500977 -8525.297852 
-8490.310547 -8513.777344 -8518.279297 -8541.083008 -8542.615234 
-8584.497070 -8666.652344 -8710.503906 -8725.157227 -8776.583984 
-8836.208008 -8892.461914 -8926.502930 -9000.026367 -9014.841797 
-9027.706055 -9039.120117 -9075.438477 -9109.651367 -9104.947266 
-9123.585938 -9156.672852 -9224.984375 -9318.408203 -9353.396484 
-9422.330078 -9514.741211 -9592.561523 -9653.307617 -9703.913086 
-9784.566406 -9871.989258 -9939.425781 -9991.046875 -10021.617188 
-10074.427734 -10151.437500 -10214.077148 -10283.823242 -10366.207031 
-10472.895508 -10550.425781 -10630.781250 -10710.685547 -10772.127930 
-10872.570313 -11042.863281 -11194.708008 -11269.551758 -11307.855469 
-11349.291992 0.1E+31 
0.1E+31 0.1E+31 0.1E+31 0.1E+31 0.1E+31 
0.1E+31 0.1E+31 0.1E+31 0.1E+31 0.1E+31 
0.1E+31 0.1E+31 0.1E+31 0.1E+31 0.1E+31 
0.1E+31 -8790.038086 -8972.729492 -9088.787109 -9049.904297 
-9012.718750 -8975.842773 -8930.808594 -8895.914063 -8923.809570 
-9066.282227 -9155.778320 -9152.400391 -9088.701172 -9000.436523 
-8862.424805 -8652.548828 -8593.967773 -8563.590820 -8524.933594 
-8502.558594 -8538.124023 -8526.328125 -8555.887695 -8607.353516 
-8621.225586 -8653.587891 -8717.865234 -8721.807617 -8784.231445 
-8839.222656 -8874.448242 -8884.769531 -8898.256836 -8929.439453 
-8976.961914 -9006.004883 -9044.711914 -9098.732422 -9100.689453 
-9107.098633 -9146.550781 -9199.167969 -9295.083984 -9385.158203 
-9441.478516 -9500.415039 -9574.204102 -9643.310547 -9693.359375 
-9748.609375 -9828.194336 -9926.835938 -9977.263672 -9986.406250 
-10008.967773 -10087.844727 -10170.443359 -10253.235352 -10330.972656 
-10416.786133 -10506.541016 -10595.580078 -10688.664063 -10760.082031 
-10843.278320 -10910.268555 -11113.315430 -11219.198242 -11282.300781 
-11334.743164 0.1E+31 
0.1E+31 0.1E+31 0.1E+31 0.1E+31 0.1E+31 
0.1E+31 0.1E+31 0.1E+31 0.1E+31 0.1E+31 
0.1E+31 0.1E+31 0.1E+31 0.1E+31 0.1E+31 
-8771.737305 -8821.529297 -8912.718750 -9083.337891 -9063.458008 
-9028.591797 -8985.941406 -8948.271484 -8914.710938 -8948.815430 
-9092.337891 -9185.513672 -9182.205078 -9129.378906 -9054.040039 
-8939.082031 -8699.973633 -8587.583984 -8568.037109 -8544.334961 
-8529.185547 -8568.730469 -8588.837891 -8610.463867 -8656.604492 
-8669.200195 -8676.408203 -8733.955078 -8752.119141 -8819.242188 
-8877.580078 -8880.578125 -8883.150391 -8868.327148 -8885.443359 
-8891.875977 -8960.782227 -9011.562500 -9058.612305 -9078.301758 
-9100.736328 -9133.500000 -9176.681641 -9242.053711 -9347.344727 
-9473.056641 -9508.920898 -9564.825195 -9633.924805 -9684.553711 
-9742.247070 -9799.883789 -9879.657227 -9945.102539 -9968.057617 
-9996.805664 -10044.595703 -10107.517578 -10194.924805 -10275.131836 
-10355.883789 -10450.674805 -10558.534180 -10646.416992 -10721.128906 
-10795.151367 -10861.744141 -11009.749023 -11210.957031 -11277.770508 
-11346.577148 0.1E+31 
0.1E+31 0.1E+31 0.1E+31 0.1E+31 0.1E+31 
0.1E+31 0.1E+31 0.1E+31 0.1E+31 0.1E+31 
0.1E+31 0.1E+31 0.1E+31 0.1E+31 -8729.793945 
-8737.395508 -8789.970703 -8802.485352 -8919.409180 -9058.069336 
-9040.827148 -9008.685547 -8974.269531 -8945.779297 -8948.369141 
-9093.819336 -9194.926758 -9212.660156 -9176.173828 -9099.974609 
-9001.777344 -8798.839844 -8634.403320 -8587.360352 -8626.876953 
-8645.166992 -8615.612305 -8649.607422 -8687.578125 -8678.523438 
-8665.499023 -8700.286133 -8744.168945 -8760.392578 -8810.132813 
-8865.135742 -8865.523438 -8860.596680 -8845.492188 -8843.222656 
-8845.677734 -8942.717773 -8999.553711 -9058.625977 -9134.499023 
-9127.159180 -9127.723633 -9164.858398 -9217.695313 -9304.180664 
-9453.554688 -9545.113281 -9575.094727 -9628.023438 -9687.093750 
-9733.243164 -9790.049805 -9853.000977 -9898.360352 -9944.735352 
-10009.313477 -10063.470703 -10094.139648 -10130.636719 -10222.301758 
-10288.458008 -10371.066406 -10495.665039 -10598.709961 -10677.757813 
-10752.135742 -10812.470703 -10902.368164 -11098.361328 -11280.294922 
-11363.675781 0.1E+31 
0.1E+31 0.1E+31 0.1E+31 0.1E+31 0.1E+31 
0.1E+31 0.1E+31 0.1E+31 0.1E+31 0.1E+31 
0.1E+31 0.1E+31 0.1E+31 0.1E+31 -8777.251953 
-8795.705078 -8807.831055 -8772.737305 -8887.000977 -9041.250977 
-9030.205078 -9020.317383 -9003.610352 -8986.745117 -8963.149414 
-9066.066406 -9184.858398 -9247.374023 -9218.673828 -9144.706055 
-9041.395508 -8894.791016 -8698.473633 -8644.704102 -8652.707031 
-8685.209961 -8689.166016 -8684.407227 -8711.953125 -8656.867188 
-8631.696289 -8703.699219 -8751.275391 -8772.017578 -8790.941406 
-8824.443359 -8848.074219 -8832.598633 -8809.153320 -8818.104492 
-8836.468750 -8861.763672 -9008.976563 -9082.164063 -9164.137695 
-9226.963867 -9243.218750 -9204.795898 -9238.906250 -9304.830078 
-9382.774414 -9528.742188 -9605.591797 -9624.830078 -9659.891602 
-9702.047852 -9769.073242 -9844.276367 -9889.156250 -9931.162109 
-9979.140625 -10048.786133 -10100.491211 -10126.945313 -10188.809570 
-10261.912109 -10315.576172 -10421.142578 -10540.853516 -10630.541016 
-10716.570313 -10781.495117 -10868.285156 -11013.544922 -11256.540039 
-11364.652344 0.1E+31 
0.1E+31 0.1E+31 0.1E+31 0.1E+31 0.1E+31 
0.1E+31 0.1E+31 0.1E+31 0.1E+31 0.1E+31 
0.1E+31 0.1E+31 0.1E+31 -8812.159180 -8825.375000 
-8815.325195 -8802.163086 -8768.437500 -9008.897461 -9047.692383 
-9046.882813 -9036.065430 -9029.344727 -9022.867188 -9000.366211 
-9076.902344 -9205.750000 -9249.517578 -9243.517578 -9173.731445 
-9072.881836 -8973.541992 -8799.908203 -8686.241211 -8670.500000 
-8675.103516 -8728.141602 -8736.486328 -8716.325195 -8645.637695 
-8632.486328 -8696.727539 -8740.283203 -8773.478516 -8780.780273 
-8774.081055 -8806.991211 -8814.194336 -8817.441406 -8825.990234 
-8852.957031 -8867.728516 -9045.624023 -9133.624023 -9143.105469 
-9185.823242 -9244.604492 -9277.944336 -9332.690430 -9341.912109 
-9380.014648 -9451.372070 -9588.535156 -9634.820313 -9641.682617 
-9670.259766 -9740.958008 -9826.163086 -9880.352539 -9916.375000 
-9957.141602 -10014.512695 -10088.676758 -10134.030273 -10176.544922 
-10262.187500 -10295.833008 -10350.501953 -10462.270508 -10576.339844 
-10679.954102 -10747.208984 -10827.885742 -10936.422852 -11154.329102 
-11273.405273 0.1E+31 
0.1E+31 0.1E+31 0.1E+31 0.1E+31 0.1E+31 
0.1E+31 0.1E+31 0.1E+31 0.1E+31 0.1E+31 
0.1E+31 0.1E+31 0.1E+31 -8800.661133 -8822.151367 
-8811.923828 -8808.983398 -8812.139648 -8998.976563 -9058.065430 
-9066.375000 -9050.944336 -9048.833984 -9054.292969 -9034.681641 
-9055.848633 -9207.303711 -9235.928711 -9245.798828 -9194.273438 
-9097.033203 -9028.224609 -8939.029297 -8716.221680 -8689.578125 
-8672.443359 -8693.679688 -8724.424805 -8706.223633 -8663.721680 
-8665.136719 -8697.962891 -8725.884766 -8756.560547 -8769.506836 
-8754.964844 -8780.507813 -8780.276367 -8810.008789 -8836.689453 
-8873.597656 -8899.100586 -9006.056641 -9207.964844 -9192.636719 
-9175.610352 -9195.835938 -9259.768555 -9345.570313 -9453.059570 
-9526.505859 -9530.125000 -9531.390625 -9623.276367 -9652.493164 
-9667.879883 -9726.595703 -9807.459961 -9878.525391 -9907.611328 
-9953.312500 -10002.792969 -10068.618164 -10136.911133 -10181.569336 
-10236.503906 -10270.608398 -10347.381836 -10425.293945 -10528.006836 
-10653.602539 -10738.453125 -10794.921875 -10881.943359 -11035.623047 
-11200.819336 0.1E+31 
0.1E+31 0.1E+31 0.1E+31 0.1E+31 0.1E+31 
0.1E+31 0.1E+31 0.1E+31 0.1E+31 0.1E+31 
0.1E+31 0.1E+31 -8763.799805 -8770.529297 -8800.957031 
-8822.769531 -8838.191406 -8862.412109 -9063.329102 -9091.282227 
-9103.862305 -9100.885742 -9087.139648 -9094.665039 -9081.095703 
-9079.146484 -9214.862305 -9266.147461 -9252.287109 -9214.134766 
-9115.272461 -9041.899414 -9078.551758 -8824.140625 -8699.917969 
-8675.968750 -8663.294922 -8688.658203 -8708.357422 -8711.612305 
-8692.580078 -8689.382813 -8714.023438 -8732.113281 -8752.888672 
-8729.749023 -8739.416016 -8757.278320 -8733.008789 -8749.117188 
-8874.060547 -8914.030273 -8982.300781 -9198.179688 -9235.983398 
-9251.028320 -9218.815430 -9267.891602 -9356.158203 -9458.095703 
-9551.176758 -9635.728516 -9650.057617 -9647.634766 -9689.843750 
-9715.793945 -9743.614258 -9807.514648 -9872.302734 -9901.763672 
-9942.730469 -9989.044922 -10041.981445 -10136.544922 -10191.633789 
-10195.386719 -10202.351563 -10291.070313 -10400.000000 -10491.587891 
-10628.122070 -10730.079102 -10766.883789 -10836.993164 -10932.470703 
-11117.125000 0.1E+31 
0.1E+31 0.1E+31 0.1E+31 0.1E+31 0.1E+31 
0.1E+31 0.1E+31 0.1E+31 0.1E+31 0.1E+31 
0.1E+31 0.1E+31 -8781.110352 -8778.817383 -8780.382813 
-8802.491211 -8840.726563 -8976.920898 -9120.254883 -9134.665039 
-9148.007813 -9150.726563 -9129.162109 -9118.537109 -9119.987305 
-9109.725586 -9158.993164 -9292.542969 -9304.485352 -9257.629883 
-9148.277344 -9051.099609 -9126.728516 -8968.206055 -8739.000000 
-8713.062500 -8706.023438 -8723.178711 -8755.262695 -8755.684570 
-8731.125977 -8692.493164 -8699.267578 -8734.998047 -8755.302734 
-8713.613281 -8717.293945 -8758.442383 -8759.772461 -8735.583984 
-8780.131836 -8900.713867 -9002.691406 -9159.159180 -9271.888672 
-9297.268555 -9326.421875 -9372.786133 -9409.547852 -9475.437500 
-9552.160156 -9614.434570 -9686.822266 -9690.383789 -9714.650391 
-9808.511719 -9848.457031 -9823.177734 -9855.035156 -9898.650391 
-9941.439453 -9995.646484 -10035.699219 -10112.278320 -10190.183594 
-10196.355469 -10168.494141 -10210.886719 -10324.506836 -10428.238281 
-10563.237305 -10677.060547 -10733.189453 -10804.173828 -10879.156250 
-10971.873047 0.1E+31 
0.1E+31 0.1E+31 0.1E+31 0.1E+31 0.1E+31 
0.1E+31 0.1E+31 0.1E+31 0.1E+31 0.1E+31 
0.1E+31 0.1E+31 -8820.127930 -8796.247070 -8778.791992 
-8766.140625 -8820.998047 -8902.323242 -9109.021484 -9188.191406 
-9176.697266 -9170.437500 -9149.412109 -9134.782227 -9141.552734 
-9133.608398 -9122.170898 -9257.739258 -9349.128906 -9276.722656 
-9162.167969 -9053.765625 -9053.208984 -9061.249023 -8800.703125 
-8768.536133 -8768.443359 -8778.875000 -8810.650391 -8789.806641 
-8742.265625 -8729.254883 -8729.935547 -8751.742188 -8769.430664 
-8734.618164 -8718.685547 -8751.110352 -8784.687500 -8759.256836 
-8767.838867 -8835.874023 -8972.347656 -9102.963867 -9311.685547 
-9358.908203 -9390.531250 -9450.930664 -9505.196289 -9553.833008 
-9609.407227 -9653.031250 -9679.408203 -9710.749023 -9742.991211 
-9800.416992 -9926.249023 -9991.525391 -9918.987305 -9888.990234 
-9932.887695 -9996.688477 -10027.650391 -10074.570313 -10159.244141 
-10208.686523 -10185.804688 -10187.859375 -10257.971680 -10372.671875 
-10500.486328 -10603.821289 -10686.895508 -10769.196289 -10841.527344 
-10880.631836 0.1E+31 
0.1E+31 0.1E+31 0.1E+31 0.1E+31 0.1E+31 
0.1E+31 0.1E+31 0.1E+31 0.1E+31 0.1E+31 
0.1E+31 -8873.268555 -8860.027344 -8825.723633 -8803.305664 
-8776.257813 -8752.736328 -8784.450195 -8892.320313 -9189.298828 
-9149.583008 -9157.594727 -9166.214844 -9158.720703 -9157.460938 
-9162.988281 -9152.922852 -9191.990234 -9373.772461 -9311.537109 
-9176.363281 -9064.391602 -9013.569336 -9051.318359 -8868.213867 
-8823.938477 -8810.621094 -8813.253906 -8835.806641 -8814.527344 
-8775.253906 -8780.493164 -8784.339844 -8787.914063 -8791.965820 
-8766.554688 -8729.207031 -8715.429688 -8736.885742 -8753.652344 
-8773.605469 -8838.796875 -8889.498047 -9042.556641 -9185.763672 
-9370.995117 -9392.647461 -9440.502930 -9525.168945 -9626.060547 
-9712.041016 -9724.419922 -9726.279297 -9762.341797 -9799.918945 
-9829.083008 -9890.022461 -10015.435547 -10020.976563 -9919.914063 
-9938.548828 -9971.312500 -10029.285156 -10069.541016 -10122.663086 
-10180.620117 -10188.874023 -10189.725586 -10256.267578 -10369.171875 
-10468.569336 -10551.434570 -10635.018555 -10727.050781 -10801.237305 
-10837.355469 0.1E+31 
0.1E+31 0.1E+31 0.1E+31 0.1E+31 0.1E+31 
0.1E+31 0.1E+31 0.1E+31 0.1E+31 0.1E+31 
0.1E+31 -8922.390625 -8892.474609 -8860.916992 -8824.357422 
-8788.527344 -8751.729492 -8723.863281 -8704.003906 -8876.294922 
-9148.653320 -9143.171875 -9150.851563 -9160.152344 -9157.555664 
-9167.600586 -9169.287109 -9175.614258 -9297.125977 -9313.041992 
-9176.881836 -9052.663086 -8990.392578 -9011.814453 -8906.871094 
-8850.129883 -8863.223633 -8859.020508 -8859.897461 -8829.905273 
-8817.186523 -8830.946289 -8825.827148 -8818.153320 -8808.285156 
-8781.352539 -8748.775391 -8712.873047 -8713.041992 -8752.606445 
-8806.224609 -8855.821289 -8908.313477 -8988.229492 -9151.474609 
-9214.355469 -9293.585938 -9387.034180 -9500.085938 -9652.184570 
-9757.849609 -9783.813477 -9779.179688 -9811.418945 -9852.571289 
-9883.512695 -9900.885742 -9970.620117 -10086.602539 -10127.082031 
-9956.583984 -9981.266602 -10034.054688 -10088.546875 -10128.626953 
-10165.732422 -10158.148438 -10162.363281 -10251.529297 -10375.902344 
-10483.428711 -10554.195313 -10609.838867 -10696.934570 -10777.411133 
-10815.419922 0.1E+31 
0.1E+31 0.1E+31 0.1E+31 0.1E+31 0.1E+31 
0.1E+31 0.1E+31 0.1E+31 0.1E+31 0.1E+31 
0.1E+31 -8998.567383 -8957.904297 -8931.567383 -8882.836914 
-8813.213867 -8746.619141 -8715.158203 -8686.918945 -8729.529297 
-9099.382813 -9110.532227 -9109.889648 -9137.276367 -9132.008789 
-9143.252930 -9162.557617 -9168.544922 -9185.540039 -9217.037109 
-9127.227539 -8997.239258 -8949.797852 -8957.233398 -8923.149414 
-8854.095703 -8877.303711 -8870.818359 -8872.791016 -8861.754883 
-8864.133789 -8871.787109 -8863.237305 -8847.463867 -8840.483398 
-8816.813477 -8779.286133 -8764.075195 -8782.500000 -8834.879883 
-8881.642578 -8925.735352 -8947.268555 -8974.789063 -9042.054688 
-9186.128906 -9250.551758 -9329.086914 -9522.578125 -9690.124023 
-9785.325195 -9856.135742 -9839.951172 -9850.715820 -9889.499023 
-9907.242188 -9925.598633 -9961.118164 -10025.641602 -10123.888672 
-10178.942383 -10032.526367 -10037.816406 -10089.300781 -10155.362305 
-10238.894531 -10254.041016 -10185.538086 -10244.141602 -10372.651367 
-10490.054688 -10571.785156 -10620.895508 -10690.821289 -10773.483398 
-10822.447266 0.1E+31 
0.1E+31 0.1E+31 0.1E+31 0.1E+31 0.1E+31 
0.1E+31 0.1E+31 0.1E+31 0.1E+31 0.1E+31 
-9104.531250 -9080.060547 -9042.390625 -9020.583008 -8973.876953 
-8918.605469 -8833.838867 -8745.166016 -8700.074219 -8691.501953 
-8763.569336 -9046.839844 -9055.780273 -9054.268555 -9079.824219 
-9103.560547 -9134.258789 -9142.022461 -9142.895508 -9130.450195 
-9050.042969 -8935.315430 -8889.622070 -8880.553711 -8900.286133 
-8869.532227 -8884.171875 -8887.875000 -8877.974609 -8875.306641 
-8889.681641 -8903.569336 -8906.263672 -8893.288086 -8879.268555 
-8864.200195 -8846.976563 -8832.418945 -8847.234375 -8885.232422 
-8939.632813 -8979.895508 -9000.184570 -9018.469727 -9039.487305 
-9073.465820 -9226.992188 -9362.855469 -9498.041992 -9675.440430 
-9799.790039 -9866.507813 -9907.139648 -9892.415039 -9924.968750 
-9946.972656 -9952.178711 -9977.449219 -10016.515625 -10078.365234 
-10161.531250 -10277.683594 -10120.279297 -10091.657227 -10151.714844 
-10238.114258 -10324.850586 -10348.393555 -10302.041992 -10335.006836 
-10449.409180 -10561.543945 -10633.469727 -10691.216797 -10765.903320 
-10821.382813 0.1E+31 
0.1E+31 0.1E+31 0.1E+31 0.1E+31 0.1E+31 
0.1E+31 0.1E+31 0.1E+31 0.1E+31 0.1E+31 
-9167.552734 -9154.533203 -9116.403320 -9076.202148 -9031.307617 
-8994.752930 -8936.673828 -8840.362305 -8756.402344 -8720.517578 
-8755.332031 -8851.500977 -8976.461914 -8961.242188 -8955.646484 
-9002.093750 -9079.850586 -9153.096680 -9173.973633 -9124.499023 
-9002.434570 -8890.115234 -8852.833008 -8828.917969 -8851.182617 
-8885.135742 -8897.862305 -8885.239258 -8884.472656 -8872.049805 
-8875.737305 -8902.516602 -8941.790039 -8938.895508 -8914.910156 
-8901.732422 -8902.178711 -8905.137695 -8909.534180 -8921.070313 
-8969.774414 -9003.651367 -9027.221680 -9042.197266 -9049.460938 
-9047.375000 -9070.074219 -9155.373047 -9536.661133 -9607.468750 
-9731.307617 -9838.105469 -9892.034180 -9919.259766 -9954.180664 
-10016.658203 -10017.830078 -10012.571289 -10037.331055 -10073.224609 
-10135.310547 -10259.128906 -10343.166992 -10072.791016 -10141.563477 
-10222.416992 -10297.129883 -10337.425781 -10385.816406 -10381.225586 
-10406.614258 -10498.886719 -10596.019531 -10658.960938 -10730.257813 
-10786.003906 0.1E+31 
0.1E+31 0.1E+31 0.1E+31 0.1E+31 0.1E+31 
0.1E+31 0.1E+31 0.1E+31 -9256.897461 -9238.496094 
-9234.138672 -9203.164063 -9146.362305 -9108.426758 -9076.726563 
-9038.605469 -8986.454102 -8920.567383 -8837.913086 -8793.739258 
-8805.929688 -8849.295898 -8946.501953 -8971.178711 -8948.716797 
-8944.727539 -8973.580078 -9041.594727 -9152.311523 -9110.436523 
-8968.225586 -8857.816406 -8816.350586 -8796.716797 -8777.366211 
-8803.360352 -8853.219727 -8850.689453 -8867.017578 -8855.738281 
-8845.679688 -8859.654297 -8886.514648 -8916.215820 -8934.194336 
-8929.398438 -8931.070313 -8937.047852 -8938.083984 -8940.722656 
-8980.554688 -9023.159180 -9042.611328 -9050.426758 -9039.711914 
-9046.272461 -9063.100586 -9075.404297 -9452.565430 -9594.595703 
-9667.267578 -9737.863281 -9827.727539 -9891.258789 -9965.093750 
-10049.094727 -10073.812500 -10074.438477 -10090.438477 -10110.645508 
-10127.922852 -10217.302734 -10356.873047 -10169.534180 -10152.934570 
-10218.701172 -10290.355469 -10336.638672 -10375.140625 -10421.269531 
-10426.341797 -10450.037109 -10520.500000 -10593.449219 -10667.452148 
-10747.793945 0.1E+31 
0.1E+31 0.1E+31 0.1E+31 0.1E+31 0.1E+31 
0.1E+31 0.1E+31 -9333.750000 -9317.769531 -9301.560547 
-9287.944336 -9247.437500 -9200.835938 -9169.096680 -9135.152344 
-9082.804688 -9038.531250 -8966.500000 -8892.113281 -8852.920898 
-8865.077148 -8868.963867 -8897.795898 -8982.843750 -8968.259766 
-8965.057617 -8957.813477 -8975.166016 -9022.840820 -9013.784180 
-8913.515625 -8804.350586 -8765.589844 -8736.411133 -8735.002930 
-8726.558594 -8774.580078 -8790.860352 -8798.037109 -8818.354492 
-8827.246094 -8833.245117 -8853.570313 -8862.495117 -8952.685547 
-8977.511719 -8956.993164 -8942.399414 -8939.949219 -8938.998047 
-8967.315430 -9032.541016 -9075.293945 -9086.227539 -9085.498047 
-9064.755859 -9073.961914 -9099.048828 -9191.666016 -9597.366211 
-9674.541016 -9750.852539 -9775.322266 -9840.851563 -9927.902344 
-10011.358398 -10091.600586 -10123.226563 -10130.289063 -10150.958008 
-10133.019531 -10179.587891 -10288.394531 -10368.864258 -10195.796875 
-10203.275391 -10267.321289 -10333.918945 -10381.881836 -10419.111328 
-10450.387695 -10469.878906 -10490.535156 -10545.833008 -10624.093750 
-10710.124023 0.1E+31 
0.1E+31 0.1E+31 0.1E+31 0.1E+31 0.1E+31 
0.1E+31 -9432.127930 -9411.008789 -9386.316406 -9345.015625 
-9313.051758 -9283.912109 -9257.083008 -9231.543945 -9193.716797 
-9126.352539 -9090.785156 -9030.275391 -8951.025391 -8892.752930 
-8886.439453 -8891.802734 -8889.350586 -8949.413086 -8982.423828 
-8982.684570 -8972.004883 -8952.278320 -8957.874023 -8964.219727 
-8868.183594 -8753.539063 -8713.375977 -8659.488281 -8615.650391 
-8620.004883 -8692.153320 -8672.187500 -8679.661133 -8726.846680 
-8764.251953 -8848.796875 -8874.230469 -8870.703125 -8866.824219 
-8958.302734 -8978.160156 -8961.618164 -8950.976563 -8952.631836 
-8955.840820 -9046.204102 -9116.150391 -9133.875977 -9121.735352 
-9096.852539 -9079.935547 -9106.458008 -9154.343750 -9462.041992 
-9708.983398 -9782.180664 -9804.221680 -9836.750000 -9903.190430 
-9984.542969 -10052.320313 -10131.616211 -10163.034180 -10182.806641 
-10182.939453 -10180.226563 -10240.531250 -10325.454102 -10230.402344 
-10191.703125 -10243.346680 -10298.163086 -10359.519531 -10460.268555 
-10493.363281 -10478.251953 -10481.666016 -10540.533203 -10612.177734 
-10674.767578 0.1E+31 
0.1E+31 0.1E+31 0.1E+31 0.1E+31 0.1E+31 
0.1E+31 -9512.665039 -9489.122070 -9441.180664 -9397.388672 
-9359.634766 -9324.033203 -9304.296875 -9282.483398 -9245.444336 
-9187.105469 -9145.027344 -9105.067383 -9042.759766 -8963.140625 
-8919.528320 -8905.497070 -8899.142578 -8912.768555 -8975.190430 
-8981.924805 -8981.168945 -8963.462891 -8928.093750 -8886.571289 
-8799.811523 -8723.977539 -8665.876953 -8605.860352 -8550.844727 
-8537.989258 -8575.801758 -8587.745117 -8597.559570 -8610.587891 
-8627.226563 -8702.734375 -8801.850586 -8837.938477 -8808.167969 
-8798.168945 -8940.068359 -8981.652344 -8968.976563 -8978.441406 
-8960.065430 -8991.798828 -9133.562500 -9167.257813 -9146.202148 
-9113.750977 -9096.516602 -9117.395508 -9158.937500 -9325.625000 
-9663.115234 -9810.724609 -9837.305664 -9870.122070 -9912.742188 
-9975.865234 -10032.719727 -10094.917969 -10164.032227 -10203.155273 
-10243.695313 -10226.614258 -10231.127930 -10299.097656 -10332.332031 
-10183.440430 -10242.417969 -10286.102539 -10334.583984 -10431.141602 
-10520.374023 -10534.638672 -10499.477539 -10525.397461 -10583.067383 
-10651.032227 0.1E+31 
0.1E+31 0.1E+31 0.1E+31 0.1E+31 0.1E+31 
-9592.223633 -9584.878906 -9545.817383 -9493.997070 -9453.841797 
-9413.689453 -9376.750000 -9359.033203 -9341.556641 -9306.193359 
-9245.553711 -9199.899414 -9171.224609 -9124.895508 -9046.103516 
-8973.884766 -8934.428711 -8910.750000 -8931.696289 -8968.782227 
-9005.303711 -9003.672852 -8977.253906 -8942.193359 -8882.515625 
-8760.446289 -8702.230469 -8644.166992 -8619.688477 -8605.935547 
-8591.678711 -8599.642578 -8626.379883 -8661.378906 -8684.416992 
-8697.171875 -8703.201172 -8711.554688 -8710.914063 -8694.243164 
-8679.351563 -8706.554688 -8801.909180 -8839.290039 -8947.808594 
-9002.208984 -8970.097656 -9122.408203 -9155.636719 -9163.044922 
-9148.471680 -9130.142578 -9136.588867 -9159.974609 -9367.396484 
-9711.196289 -9847.668945 -9895.245117 -9912.399414 -9947.764648 
-9991.939453 -10049.319336 -10091.826172 -10126.821289 -10201.259766 
-10264.011719 -10304.533203 -10259.616211 -10295.865234 -10373.062500 
-10327.187500 -10250.421875 -10307.910156 -10347.584961 -10412.386719 
-10505.385742 -10554.517578 -10550.479492 -10543.540039 -10567.810547 
-10642.955078 0.1E+31 
0.1E+31 0.1E+31 0.1E+31 0.1E+31 0.1E+31 
-9618.635742 -9605.828125 -9569.974609 -9531.484375 -9502.017578 
-9464.691406 -9433.561523 -9418.209961 -9398.179688 -9367.455078 
-9328.900391 -9274.054688 -9231.564453 -9194.882813 -9132.654297 
-9045.188477 -8978.659180 -8956.744141 -8954.271484 -8980.721680 
-8980.099609 -9017.823242 -8986.732422 -8945.932617 -8890.400391 
-8779.547852 -8738.672852 -8698.425781 -8693.378906 -8695.098633 
-8674.694336 -8672.077148 -8678.556641 -8712.228516 -8751.054688 
-8786.250000 -8766.825195 -8731.531250 -8721.891602 -8719.710938 
-8710.143555 -8704.031250 -8702.028320 -8692.340820 -8712.745117 
-8847.179688 -8996.461914 -9037.711914 -9126.423828 -9164.947266 
-9184.350586 -9176.434570 -9170.080078 -9196.797852 -9269.691406 
-9750.528320 -9844.757813 -9993.386719 -10019.605469 -10022.016602 
-10053.645508 -10108.877930 -10141.697266 -10147.643555 -10181.931641 
-10246.370117 -10311.308594 -10324.057617 -10313.624023 -10398.494141 
-10318.562500 -10287.418945 -10324.479492 -10355.558594 -10387.968750 
-10467.838867 -10538.581055 -10579.577148 -10627.044922 -10637.694336 
-10636.867188 0.1E+31 
0.1E+31 0.1E+31 0.1E+31 0.1E+31 -9660.079102 
-9648.647461 -9620.742188 -9599.293945 -9571.660156 -9546.578125 
-9520.154297 -9492.325195 -9475.701172 -9456.555664 -9425.402344 
-9395.375000 -9345.243164 -9293.012695 -9264.701172 -9211.458984 
-9122.905273 -9049.470703 -9013.530273 -8998.724609 -9003.056641 
-9017.373047 -9012.727539 -8996.363281 -8959.450195 -8901.880859 
-8825.890625 -8792.708984 -8778.097656 -8781.502930 -8759.572266 
-8728.558594 -8710.924805 -8708.031250 -8732.652344 -8762.835938 
-8811.380859 -8826.306641 -8799.750977 -8767.955078 -8760.490234 
-8759.655273 -8750.944336 -8736.914063 -8725.957031 -8717.378906 
-8754.046875 -8944.487305 -9085.984375 -9119.091797 -9182.563477 
-9212.646484 -9214.214844 -9204.706055 -9222.567383 -9257.814453 
-9412.398438 -9887.151367 -10005.151367 -10088.001953 -10082.783203 
-10096.477539 -10142.781250 -10183.811523 -10191.958008 -10199.560547 
-10226.724609 -10298.114258 -10347.735352 -10348.319336 -10403.411133 
-10494.847656 -10396.258789 -10335.969727 -10368.879883 -10413.533203 
-10488.665039 -10557.628906 -10612.178711 -10668.402344 -10717.083008 
-10654.639648 0.1E+31 
0.1E+31 0.1E+31 0.1E+31 0.1E+31 -9711.137695 
-9687.743164 -9668.189453 -9650.266602 -9623.530273 -9600.795898 
-9575.318359 -9548.141602 -9528.380859 -9508.572266 -9481.865234 
-9449.185547 -9402.148438 -9355.548828 -9316.958984 -9269.076172 
-9201.344727 -9133.458984 -9091.768555 -9066.812500 -9065.606445 
-9094.717773 -9089.636719 -9051.396484 -9011.791016 -8973.200195 
-8839.801758 -8825.470703 -8826.867188 -8829.437500 -8804.946289 
-8769.345703 -8738.590820 -8727.816406 -8743.248047 -8774.596680 
-8833.681641 -8862.807617 -8838.175781 -8825.300781 -8797.896484 
-8797.533203 -8799.612305 -8781.820313 -8766.040039 -8768.070313 
-8792.201172 -8868.870117 -9097.049805 -9142.320313 -9206.170898 
-9241.722656 -9234.333984 -9221.316406 -9220.834961 -9276.287109 
-9364.271484 -9584.482422 -9976.056641 -10055.912109 -10097.485352 
-10122.145508 -10152.333008 -10197.576172 -10246.754883 -10258.872070 
-10265.850586 -10294.882813 -10344.023438 -10356.545898 -10398.066406 
-10479.074219 -10545.874023 -10382.431641 -10393.726563 -10428.250000 
-10500.152344 -10562.721680 -10625.714844 -10690.876953 -10776.180664 
-10824.821289 0.1E+31 
0.1E+31 0.1E+31 0.1E+31 -9788.168945 -9763.924805 
-9728.361328 -9712.445313 -9689.126953 -9661.028320 -9641.833008 
-9624.677734 -9605.177734 -9585.021484 -9559.588867 -9528.308594 
-9496.690430 -9462.570313 -9421.795898 -9373.239258 -9327.658203 
-9285.162109 -9222.286133 -9169.982422 -9132.771484 -9133.312500 
-9148.903320 -9141.117188 -9093.995117 -9043.303711 -9025.786133 
-8885.853516 -8797.150391 -8822.013672 -8837.361328 -8822.445313 
-8812.287109 -8776.536133 -8765.014648 -8791.551758 -8811.233398 
-8840.315430 -8880.294922 -8886.867188 -8893.590820 -8861.549805 
-8830.967773 -8815.382813 -8807.184570 -8806.120117 -8803.884766 
-8812.987305 -8845.169922 -8955.698242 -9168.537109 -9254.420898 
-9293.354492 -9265.244141 -9232.314453 -9217.343750 -9283.443359 
-9376.009766 -9448.689453 -9893.491211 -9936.836914 -10030.052734 
-10097.550781 -10155.892578 -10197.337891 -10245.749023 -10296.472656 
-10321.908203 -10303.965820 -10323.529297 -10355.571289 -10384.813477 
-10453.198242 -10556.151367 -10648.660156 -10496.912109 -10484.433594 
-10488.500000 -10561.921875 -10625.324219 -10661.201172 -10714.671875 
-10740.327148 0.1E+31 
0.1E+31 0.1E+31 -9854.230469 -9845.934570 -9812.996094 
-9778.437500 -9751.076172 -9723.686523 -9697.891602 -9682.340820 
-9672.573242 -9658.715820 -9636.561523 -9607.349609 -9575.704102 
-9543.069336 -9515.955078 -9481.696289 -9439.555664 -9396.138672 
-9365.082031 -9319.077148 -9264.805664 -9207.715820 -9196.255859 
-9196.473633 -9178.700195 -9136.356445 -9088.154297 -9118.858398 
-9133.449219 -8906.228516 -8796.750977 -8818.714844 -8824.651367 
-8836.482422 -8814.245117 -8805.481445 -8829.161133 -8843.203125 
-8825.833008 -8858.976563 -8916.825195 -8950.397461 -8949.891602 
-8913.519531 -8865.059570 -8849.309570 -8835.540039 -8813.578125 
-8796.990234 -8814.916992 -8872.290039 -8977.564453 -9207.139648 
-9318.162109 -9309.076172 -9251.686523 -9217.548828 -9261.234375 
-9356.097656 -9473.251953 -9699.496094 -9887.753906 -9950.599609 
-9995.881836 -10066.209961 -10181.248047 -10244.830078 -10303.593750 
-10357.868164 -10372.352539 -10347.550781 -10355.383789 -10388.073242 
-10440.584961 -10533.918945 -10646.313477 -10742.458984 -10579.019531 
-10510.695313 -10543.180664 -10609.916016 -10619.507813 -10641.950195 
-10643.574219 0.1E+31 
0.1E+31 0.1E+31 -9898.919922 -9887.992188 -9853.905273 
-9823.255859 -9792.748047 -9759.413086 -9729.003906 -9713.002930 
-9703.666016 -9690.929688 -9675.063477 -9649.850586 -9623.664063 
-9595.965820 -9567.479492 -9535.150391 -9495.125977 -9448.783203 
-9419.990234 -9375.345703 -9329.032227 -9279.534180 -9249.555664 
-9247.411133 -9227.827148 -9181.342773 -9126.130859 -9195.555664 
-9206.714844 -9084.878906 -8851.394531 -8826.728516 -8848.769531 
-8883.083984 -8866.946289 -8845.971680 -8857.306641 -8871.457031 
-8839.685547 -8863.971680 -8928.942383 -8977.942383 -9000.359375 
-8994.571289 -8941.125000 -8899.890625 -8864.621094 -8832.485352 
-8809.272461 -8799.951172 -8823.934570 -8871.680664 -8994.626953 
-9261.602539 -9313.034180 -9291.187500 -9239.667969 -9247.970703 
-9282.838867 -9538.213867 -9699.652344 -9854.303711 -9936.017578 
-9980.168945 -10025.616211 -10095.598633 -10142.265625 -10285.274414 
-10411.766602 -10449.451172 -10453.335938 -10415.286133 -10406.362305 
-10455.148438 -10522.113281 -10603.034180 -10693.899414 -10765.162109 
-10604.910156 -10543.250977 -10614.999023 -10626.456055 -10620.019531 
-10618.037109 0.1E+31 
0.1E+31 0.1E+31 -9934.408203 -9909.583984 -9872.957031 
-9850.526367 -9835.121094 -9808.218750 -9780.096680 -9758.877930 
-9747.601563 -9739.125000 -9728.704102 -9707.206055 -9676.759766 
-9644.911133 -9614.693359 -9580.722656 -9537.326172 -9488.625000 
-9452.024414 -9417.327148 -9380.922852 -9347.245117 -9314.292969 
-9293.479492 -9267.368164 -9210.096680 -9181.780273 -9267.529297 
-9231.642578 -9132.164063 -8965.882813 -8862.112305 -8865.967773 
-8902.122070 -8896.351563 -8887.250000 -8893.071289 -8903.058594 
-8856.960938 -8865.411133 -8922.545898 -8968.792969 -9016.097656 
-9032.403320 -9002.600586 -8947.072266 -8892.522461 -8846.818359 
-8821.359375 -8815.612305 -8831.982422 -8858.325195 -8903.588867 
-9137.125000 -9308.505859 -9350.613281 -9337.479492 -9298.423828 
-9309.958984 -9391.687500 -9720.139648 -9862.674805 -9935.597656 
-9981.283203 -10021.247070 -10074.078125 -10129.778320 -10213.083984 
-10336.700195 -10458.070313 -10481.313477 -10485.438477 -10438.838867 
-10427.817383 -10467.188477 -10527.235352 -10618.348633 -10712.561523 
-10767.978516 -10603.500977 -10628.882813 -10643.372070 -10643.394531 
-10635.270508 0.1E+31 
0.1E+31 0.1E+31 -9964.147461 -9929.687500 -9896.333008 
-9879.513672 -9867.520508 -9847.430664 -9826.545898 -9810.882813 
-9798.961914 -9791.067383 -9776.882813 -9756.061523 -9729.665039 
-9698.873047 -9666.182617 -9632.466797 -9591.452148 -9542.917969 
-9506.804688 -9475.240234 -9441.924805 -9409.128906 -9381.671875 
-9353.519531 -9326.412109 -9266.679688 -9222.294922 -9299.320313 
-9280.974609 -9157.132813 -9039.699219 -8989.338867 -8915.768555 
-8910.538086 -8909.251953 -8919.161133 -8919.075195 -8933.125000 
-8908.259766 -8879.418945 -8908.266602 -8940.917969 -8979.432617 
-9004.810547 -9041.950195 -9006.076172 -8927.516602 -8871.241211 
-8832.549805 -8819.818359 -8836.755859 -8880.607422 -8921.697266 
-9058.379883 -9310.937500 -9409.222656 -9424.327148 -9391.678711 
-9358.230469 -9379.186523 -9487.390625 -9804.772461 -9966.154297 
-10032.579102 -10074.330078 -10091.565430 -10131.562500 -10197.748047 
-10289.180664 -10433.895508 -10476.322266 -10475.109375 -10486.281250 
-10451.189453 -10444.919922 -10478.210938 -10528.926758 -10619.826172 
-10682.234375 -10683.667969 -10620.271484 -10650.711914 -10681.354492 
-10689.777344 0.1E+31 
0.1E+31 0.1E+31 -10020.307617 -9970.377930 -9933.099609 
-9917.585938 -9902.192383 -9886.206055 -9872.376953 -9858.894531 
-9842.718750 -9829.631836 -9813.161133 -9791.384766 -9767.917969 
-9743.759766 -9717.967773 -9684.788086 -9645.718750 -9595.683594 
-9554.191406 -9526.686523 -9502.649414 -9479.999023 -9455.212891 
-9427.777344 -9394.958984 -9342.142578 -9319.548828 -9348.760742 
-9347.549805 -9259.582031 -9111.487305 -9080.220703 -9030.775391 
-8954.028320 -8942.958984 -8956.128906 -8950.458008 -8942.596680 
-8950.208984 -8935.623047 -8908.901367 -8936.641602 -8984.478516 
-9009.283203 -9001.234375 -8961.322266 -8928.452148 -8894.418945 
-8843.651367 -8806.355469 -8820.232422 -8890.895508 -8959.064453 
-9005.924805 -9165.283203 -9359.691406 -9458.895508 -9444.050781 
-9425.564453 -9431.291992 -9480.306641 -9531.875000 -9605.799805 
-10042.436523 -10123.372070 -10124.081055 -10160.296875 -10214.505859 
-10285.254883 -10360.557617 -10435.118164 -10454.418945 -10459.837891 
-10477.984375 -10498.391602 -10495.955078 -10498.241211 -10574.579102 
-10653.681641 -10690.352539 -10610.279297 -10640.936523 -10704.827148 
-10744.041992 0.1E+31 
0.1E+31 0.1E+31 -10114.452148 -10043.732422 -9974.753906 
-9963.366211 -9952.633789 -9940.167969 -9924.068359 -9911.160156 
-9894.497070 -9877.682617 -9857.384766 -9834.648438 -9814.569336 
-9793.117188 -9772.268555 -9736.954102 -9690.339844 -9648.062500 
-9607.857422 -9578.514648 -9559.375977 -9541.340820 -9523.689453 
-9489.448242 -9454.392578 -9408.859375 -9399.415039 -9416.361328 
-9425.455078 -9394.243164 -9153.845703 -9127.916992 -9084.585938 
-9011.139648 -8968.228516 -8966.154297 -8956.604492 -8966.875977 
-8995.148438 -9007.971680 -8988.528320 -8975.267578 -8994.481445 
-9020.206055 -8992.636719 -8921.951172 -8871.327148 -8862.375000 
-8824.739258 -8791.286133 -8817.934570 -8914.180664 -9004.410156 
-9042.604492 -9098.714844 -9248.845703 -9453.767578 -9454.482422 
-9465.950195 -9501.823242 -9544.505859 -9593.339844 -9642.892578 
-9711.212891 -9995.845703 -10150.608398 -10170.548828 -10206.182617 
-10275.922852 -10340.592773 -10375.209961 -10423.935547 -10439.541016 
-10459.014648 -10530.394531 -10596.610352 -10549.984375 -10593.708984 
-10665.154297 -10683.848633 -10616.392578 -10621.205078 -10697.731445 
-10742.295898 0.1E+31 
0.1E+31 0.1E+31 -10188.666016 -10104.229492 -10011.040039 
-9995.524414 -9989.532227 -9986.459961 -9974.899414 -9956.805664 
-9931.044922 -9912.509766 -9893.401367 -9878.964844 -9869.997070 
-9851.417969 -9826.135742 -9786.437500 -9735.753906 -9702.709961 
-9674.753906 -9652.226563 -9646.883789 -9608.558594 -9585.688477 
-9558.912109 -9524.742188 -9476.385742 -9479.587891 -9484.010742 
-9489.023438 -9481.600586 -9290.060547 -9150.649414 -9099.956055 
-9041.078125 -8992.270508 -8983.966797 -8996.012695 -9026.983398 
-9062.360352 -9078.475586 -9076.708984 -9035.582031 -9015.127930 
-9019.926758 -8990.632813 -8913.945313 -8855.381836 -8836.800781 
-8804.564453 -8785.485352 -8829.024414 -8964.091797 -9081.356445 
-9135.514648 -9162.090820 -9168.652344 -9296.330078 -9428.547852 
-9435.217773 -9540.724609 -9612.081055 -9653.780273 -9718.104492 
-9790.419922 -9838.707031 -10014.604492 -10249.729492 -10262.957031 
-10305.581055 -10374.781250 -10426.916992 -10443.948242 -10467.745117 
-10500.159180 -10545.612305 -10628.928711 -10630.416992 -10641.745117 
-10679.007813 -10685.012695 -10644.751953 -10584.207031 -10665.285156 
-10729.273438 0.1E+31 
0.1E+31 0.1E+31 -10213.724609 -10124.831055 -10032.362305 
-10013.752930 -10019.264648 -10019.999023 -10011.979492 -9995.655273 
-9972.884766 -9952.876953 -9935.002930 -9923.888672 -9918.367188 
-9905.958008 -9883.019531 -9843.665039 -9796.925781 -9766.270508 
-9739.625977 -9717.035156 -9704.151367 -9681.534180 -9659.115234 
-9633.291992 -9602.103516 -9559.412109 -9555.039063 -9558.691406 
-9547.345703 -9537.255859 -9519.445313 -9261.683594 -9145.212891 
-9066.556641 -9039.024414 -9028.280273 -9015.558594 -9052.629883 
-9099.111328 -9108.103516 -9101.183594 -9068.772461 -9030.543945 
-9021.001953 -9005.703125 -8935.257813 -8849.810547 -8833.993164 
-8823.055664 -8798.391602 -8837.577148 -8949.731445 -9123.804688 
-9175.375000 -9197.833984 -9191.295898 -9209.672852 -9250.701172 
-9277.314453 -9393.904297 -9668.910156 -9722.547852 -9777.506836 
-9834.274414 -9877.822266 -9951.353516 -10052.136719 -10300.831055 
-10375.357422 -10421.266602 -10490.529297 -10525.114258 -10526.571289 
-10543.767578 -10573.059570 -10607.536133 -10676.632813 -10714.513672 
-10742.417969 -10727.975586 -10702.380859 -10556.079102 -10630.101563 
-10698.805664 0.1E+31 
0.1E+31 0.1E+31 -10239.601563 -10160.740234 -10072.328125 
-10048.918945 -10057.957031 -10058.778320 -10055.086914 -10050.468750 
-10036.003906 -10013.886719 -9990.774414 -9975.000977 -9965.016602 
-9955.583008 -9940.151367 -9904.295898 -9868.438477 -9842.128906 
-9814.108398 -9787.232422 -9768.355469 -9753.375977 -9731.972656 
-9708.488281 -9683.370117 -9653.353516 -9625.082031 -9614.968750 
-9612.409180 -9620.075195 -9604.055664 -9513.077148 -9149.743164 
-9097.556641 -9056.172852 -9077.586914 -9052.660156 -9053.772461 
-9098.507813 -9130.956055 -9136.000977 -9101.196289 -9047.995117 
-9020.365234 -8997.982422 -8962.541992 -8866.902344 -8847.961914 
-8865.972656 -8841.208008 -8859.744141 -8927.649414 -9060.918945 
-9174.527344 -9188.203125 -9191.960938 -9210.887695 -9225.122070 
-9223.015625 -9279.902344 -9504.595703 -9831.476563 -9862.375000 
-9872.717773 -9902.834961 -9964.353516 -10038.390625 -10175.250000 
-10431.942383 -10461.234375 -10499.431641 -10548.099609 -10557.540039 
-10556.294922 -10589.080078 -10611.885742 -10668.083008 -10734.944336 
-10793.907227 -10818.626953 -10817.063477 -10602.032227 -10623.729492 
-10672.302734 0.1E+31 
0.1E+31 -10214.411133 -10226.446289 -10189.180664 -10112.367188 
-10081.984375 -10094.216797 -10097.096680 -10099.794922 -10097.555664 
-10085.084961 -10069.121094 -10048.253906 -10033.356445 -10022.852539 
-10012.818359 -9997.569336 -9969.874023 -9938.544922 -9911.879883 
-9886.558594 -9865.820313 -9851.405273 -9841.020508 -9822.608398 
-9793.639648 -9772.682617 -9754.574219 -9728.646484 -9699.725586 
-9675.983398 -9707.352539 -9712.953125 -9672.016602 -9456.708008 
-9099.100586 -9068.280273 -9065.146484 -9062.852539 -9049.394531 
-9086.916992 -9155.128906 -9184.867188 -9142.290039 -9081.029297 
-9026.297852 -8990.450195 -8938.751953 -8864.508789 -8866.850586 
-8883.543945 -8886.773438 -8904.548828 -8951.007813 -9002.229492 
-9141.661133 -9174.270508 -9185.024414 -9186.349609 -9193.231445 
-9223.423828 -9295.709961 -9331.375000 -9467.035156 -9727.826172 
-9931.560547 -9944.196289 -9978.965820 -10040.846680 -10111.409180 
-10279.125977 -10486.044922 -10507.590820 -10550.559570 -10597.902344 
-10596.309570 -10616.114258 -10629.342773 -10661.385742 -10747.175781 
-10834.595703 -10873.959961 -10900.437500 -10729.562500 -10655.607422 
-10654.565430 0.1E+31 
0.1E+31 -10176.012695 -10187.722656 -10178.139648 -10139.475586 
-10124.027344 -10129.242188 -10143.266602 -10156.474609 -10156.846680 
-10144.709961 -10133.410156 -10117.550781 -10100.250977 -10090.049805 
-10081.469727 -10062.638672 -10037.177734 -10006.234375 -9979.472656 
-9957.136719 -9941.660156 -9933.727539 -9930.519531 -9915.379883 
-9884.826172 -9860.473633 -9841.689453 -9826.847656 -9801.606445 
-9760.992188 -9778.858398 -9816.378906 -9795.793945 -9818.019531 
-9177.112305 -9079.227539 -9087.623047 -9098.614258 -9112.873047 
-9125.599609 -9166.885742 -9199.852539 -9165.210938 -9105.991211 
-9051.796875 -9016.285156 -8947.920898 -8887.234375 -8902.000000 
-8917.513672 -8925.871094 -8953.409180 -8976.315430 -9010.401367 
-9092.474609 -9164.538086 -9199.451172 -9216.675781 -9239.129883 
-9254.915039 -9316.473633 -9363.726563 -9382.176758 -9427.552734 
-9764.462891 -10019.933594 -10052.784180 -10103.204102 -10158.459961 
-10237.975586 -10453.029297 -10483.349609 -10561.192383 -10643.147461 
-10640.705078 -10625.247070 -10654.211914 -10690.412109 -10759.569336 
-10830.028320 -10877.358398 -10908.273438 -11022.198242 -10727.469727 
-10699.172852 0.1E+31 
0.1E+31 0.1E+31 -10168.534180 -10194.431641 -10200.727539 
-10185.737305 -10177.500977 -10197.313477 -10214.680664 -10219.578125 
-10206.443359 -10194.381836 -10184.891602 -10164.912109 -10146.323242 
-10137.758789 -10122.681641 -10099.166016 -10069.115234 -10043.424805 
-10024.203125 -10012.680664 -10007.311523 -10000.620117 -9990.402344 
-9970.734375 -9950.443359 -9938.063477 -9928.466797 -9910.477539 
-9875.742188 -9856.750000 -9875.496094 -9894.666992 -9877.414063 
-9898.403320 -9468.377930 -9127.177734 -9163.957031 -9175.700195 
-9182.288086 -9189.576172 -9191.117188 -9181.506836 -9151.600586 
-9106.753906 -9063.470703 -9012.149414 -8968.822266 -8967.195313 
-8970.757813 -8976.842773 -8997.379883 -9012.321289 -9038.842773 
-9093.353516 -9175.992188 -9220.984375 -9267.055664 -9312.118164 
-9321.297852 -9342.845703 -9424.667969 -9451.070313 -9433.902344 
-9474.008789 -9806.863281 -10148.207031 -10162.363281 -10199.644531 
-10253.470703 -10373.750977 -10479.665039 -10494.920898 -10655.196289 
-10661.599609 -10647.758789 -10691.505859 -10743.096680 -10762.813477 
-10810.986328 -10880.368164 -10930.379883 -11015.982422 -11044.835938 
-10927.666992 0.1E+31 
0.1E+31 0.1E+31 -10160.854492 -10206.602539 -10236.998047 
-10254.837891 -10261.817383 -10263.853516 -10266.276367 -10274.890625 
-10271.614258 -10263.149414 -10245.559570 -10227.430664 -10215.037109 
-10202.020508 -10183.550781 -10161.527344 -10135.215820 -10111.000000 
-10094.422852 -10083.069336 -10075.042969 -10066.792969 -10058.070313 
-10050.055664 -10039.643555 -10029.215820 -10023.470703 -10021.988281 
-10013.735352 -9981.854492 -9936.320313 -9926.474609 -9914.487305 
-9877.624023 -9820.725586 -9209.670898 -9177.860352 -9193.368164 
-9197.029297 -9190.862305 -9189.190430 -9205.958984 -9198.474609 
-9162.031250 -9127.592773 -9096.040039 -9070.900391 -9057.780273 
-9040.377930 -9019.135742 -9028.075195 -9043.407227 -9080.526367 
-9139.012695 -9195.129883 -9239.624023 -9311.722656 -9381.129883 
-9423.688477 -9450.707031 -9488.189453 -9536.602539 -9487.726563 
-9504.548828 -9550.194336 -10136.614258 -10218.141602 -10234.517578 
-10269.250977 -10326.452148 -10437.280273 -10453.346680 -10592.485352 
-10698.344727 -10708.465820 -10757.057617 -10823.403320 -10827.589844 
-10855.623047 -10932.270508 -10958.329102 -11002.702148 -11042.589844 
-10990.447266 0.1E+31 
0.1E+31 0.1E+31 -10147.836914 -10190.602539 -10252.982422 
-10288.893555 -10327.827148 -10347.572266 -10353.964844 -10355.249023 
-10351.633789 -10338.655273 -10319.276367 -10293.700195 -10275.540039 
-10262.145508 -10243.902344 -10226.163086 -10207.386719 -10185.126953 
-10167.424805 -10153.545898 -10142.017578 -10134.465820 -10127.257813 
-10119.870117 -10114.169922 -10104.343750 -10097.087891 -10103.631836 
-10131.482422 -10120.177734 -10033.868164 -9962.208984 -9947.774414 
-9957.035156 -9900.143555 -9954.625000 -9358.432617 -9206.607422 
-9216.000977 -9220.805664 -9219.288086 -9214.842773 -9198.829102 
-9185.103516 -9176.805664 -9160.760742 -9141.619141 -9142.679688 
-9159.312500 -9114.120117 -9074.731445 -9079.056641 -9122.152344 
-9173.094727 -9212.676758 -9271.856445 -9357.549805 -9451.030273 
-9516.565430 -9538.417969 -9563.191406 -9590.658203 -9577.150391 
-9555.804688 -9573.465820 -9598.964844 -10170.462891 -10308.699219 
-10284.868164 -10304.179688 -10349.590820 -10378.849609 -10492.318359 
-10719.319336 -10782.915039 -10829.371094 -10883.129883 -10917.451172 
-10946.564453 -10968.872070 -10962.022461 -10974.873047 -11032.568359 
-11050.754883 0.1E+31 
0.1E+31 0.1E+31 0.1E+31 -10171.590820 -10245.189453 
-10316.870117 -10372.352539 -10403.183594 -10408.986328 -10399.410156 
-10391.582031 -10378.185547 -10373.858398 -10360.149414 -10339.517578 
-10330.351563 -10308.922852 -10288.820313 -10274.086914 -10259.075195 
-10249.500977 -10238.258789 -10214.680664 -10196.496094 -10184.222656 
-10178.861328 -10176.749023 -10170.233398 -10166.641602 -10163.045898 
-10192.613281 -10204.740234 -10143.016602 -10035.822266 -9995.087891 
-10039.810547 -10012.715820 -9948.917969 -9820.511719 -9242.401367 
-9258.109375 -9258.168945 -9258.488281 -9247.472656 -9236.656250 
-9229.368164 -9228.433594 -9227.263672 -9222.097656 -9238.319336 
-9272.695313 -9247.304688 -9196.146484 -9157.286133 -9164.402344 
-9207.336914 -9267.989258 -9319.463867 -9395.068359 -9521.398438 
-9593.401367 -9619.741211 -9667.252930 -9663.133789 -9648.256836 
-9639.185547 -9648.634766 -9685.050781 -9717.703125 -10253.268555 
-10349.768555 -10336.683594 -10383.094727 -10414.930664 -10484.092773 
-10758.687500 -10830.648438 -10856.491211 -10894.767578 -10950.654297 
-10998.529297 -11015.793945 -11018.621094 -11034.314453 -11072.555664 
-11054.301758 0.1E+31 
0.1E+31 0.1E+31 0.1E+31 -10190.458008 -10274.701172 
-10361.750977 -10381.457031 -10396.344727 -10399.105469 -10402.310547 
-10406.675781 -10407.608398 -10415.595703 -10413.911133 -10410.668945 
-10409.896484 -10390.956055 -10361.536133 -10340.139648 -10330.892578 
-10350.746094 -10347.634766 -10310.009766 -10273.835938 -10261.884766 
-10256.676758 -10247.249023 -10234.241211 -10227.429688 -10222.202148 
-10228.454102 -10247.249023 -10242.845703 -10170.505859 -10068.706055 
-10097.238281 -10092.145508 -10024.371094 -9945.268555 -9863.043945 
-9303.537109 -9309.621094 -9318.677734 -9321.015625 -9309.375000 
-9298.569336 -9298.761719 -9295.378906 -9299.434570 -9314.387695 
-9313.400391 -9310.767578 -9299.014648 -9246.613281 -9225.954102 
-9253.892578 -9318.775391 -9394.497070 -9440.694336 -9557.509766 
-9678.570313 -9739.062500 -9766.441406 -9764.317383 -9734.480469 
-9725.010742 -9731.289063 -9751.181641 -9821.757813 -10064.433594 
-10411.435547 -10396.318359 -10432.578125 -10487.336914 -10527.380859 
-10658.038086 -10831.920898 -10861.306641 -10896.233398 -10963.547852 
-11026.549805 -11049.898438 -11058.023438 -11087.058594 -11113.829102 
-11091.304688 0.1E+31 
0.1E+31 0.1E+31 0.1E+31 0.1E+31 -10311.551758 
-10374.519531 -10380.046875 -10380.251953 -10387.979492 -10414.760742 
-10430.446289 -10434.110352 -10446.201172 -10469.411133 -10495.001953 
-10485.828125 -10463.461914 -10438.228516 -10422.659180 -10425.584961 
-10455.029297 -10458.561523 -10434.898438 -10394.335938 -10374.810547 
-10346.699219 -10320.353516 -10305.018555 -10293.934570 -10287.386719 
-10279.984375 -10273.599609 -10263.248047 -10250.780273 -10185.287109 
-10151.859375 -10168.501953 -10101.923828 -10016.805664 -9946.520508 
-9910.430664 -9443.284180 -9387.488281 -9396.589844 -9369.380859 
-9354.995117 -9362.222656 -9359.617188 -9353.779297 -9359.920898 
-9356.792969 -9359.142578 -9349.904297 -9298.161133 -9279.158203 
-9288.792969 -9328.125000 -9470.774414 -9521.537109 -9644.019531 
-9829.587891 -9931.892578 -9997.479492 -9890.777344 -9813.325195 
-9789.588867 -9800.218750 -9813.336914 -9879.821289 -10059.841797 
-10459.343750 -10423.213867 -10440.093750 -10496.928711 -10541.823242 
-10642.416016 -10811.930664 -10853.007813 -10879.910156 -10967.016602 
-11058.496094 -11101.067383 -11083.267578 -11101.918945 -11110.978516 
-11115.780273 0.1E+31 
0.1E+31 0.1E+31 0.1E+31 0.1E+31 -10324.954102 
-10359.666016 -10394.576172 -10407.425781 -10415.714844 -10440.310547 
-10463.395508 -10482.845703 -10512.237305 -10551.496094 -10588.521484 
-10583.339844 -10562.197266 -10552.516602 -10552.976563 -10568.747070 
-10579.723633 -10569.756836 -10554.633789 -10513.191406 -10478.552734 
-10444.944336 -10410.179688 -10385.249023 -10377.576172 -10368.608398 
-10357.292969 -10346.863281 -10324.251953 -10292.973633 -10263.230469 
-10217.164063 -10235.543945 -10185.683594 -10109.244141 -10032.504883 
-9949.833984 -9904.257813 -9533.052734 -9388.221680 -9393.822266 
-9415.304688 -9435.145508 -9422.210938 -9397.092773 -9394.413086 
-9397.231445 -9408.569336 -9415.820313 -9361.819336 -9303.417969 
-9319.748047 -9362.287109 -9441.055664 -9633.622070 -9740.668945 
-9908.036133 -10013.075195 -10097.839844 -10107.838867 -10027.248047 
-9932.410156 -9899.030273 -9914.285156 -9957.615234 -10018.352539 
-10169.167969 -10479.308594 -10471.652344 -10492.621094 -10542.831055 
-10641.406250 -10774.250977 -10838.817383 -10862.802734 -10934.340820 
-11025.666992 -11085.258789 -11107.159180 -11122.421875 -11133.441406 
-11140.281250 0.1E+31 
0.1E+31 0.1E+31 0.1E+31 0.1E+31 -10338.551758 
-10364.668945 -10415.957031 -10457.295898 -10479.134766 -10482.780273 
-10490.999023 -10520.280273 -10573.450195 -10626.952148 -10656.072266 
-10675.785156 -10685.345703 -10688.777344 -10687.666016 -10690.743164 
-10681.133789 -10667.378906 -10653.502930 -10615.491211 -10581.113281 
-10559.083984 -10521.894531 -10479.958008 -10461.455078 -10446.049805 
-10439.649414 -10436.765625 -10419.720703 -10381.558594 -10343.291016 
-10289.582031 -10289.667969 -10276.319336 -10214.045898 -10129.208984 
-10059.117188 -9980.464844 -9917.955078 -9720.628906 -9409.342773 
-9450.199219 -9474.415039 -9476.751953 -9459.440430 -9456.825195 
-9464.331055 -9459.060547 -9463.594727 -9432.945313 -9356.019531 
-9344.311523 -9390.221680 -9416.884766 -9682.526367 -9835.707031 
-9957.752930 -10056.721680 -10116.620117 -10145.822266 -10149.979492 
-10152.247070 -10077.802734 -10026.591797 -10027.565430 -10075.022461 
-10106.563477 -10484.716797 -10527.498047 -10529.535156 -10565.756836 
-10646.567383 -10739.483398 -10794.818359 -10852.413086 -10897.195313 
-10951.348633 -11016.667969 -11092.042969 -11128.125977 -11138.215820 
-11134.784180 0.1E+31 
0.1E+31 0.1E+31 0.1E+31 0.1E+31 0.1E+31 
-10378.178711 -10423.941406 -10469.787109 -10507.961914 -10514.294922 
-10521.949219 -10563.281250 -10621.800781 -10673.958008 -10711.530273 
-10740.702148 -10758.948242 -10770.842773 -10770.465820 -10769.099609 
-10766.780273 -10760.734375 -10741.028320 -10708.454102 -10681.447266 
-10655.511719 -10606.167969 -10555.305664 -10535.324219 -10519.571289 
-10523.574219 -10525.924805 -10503.753906 -10467.694336 -10436.698242 
-10392.500977 -10367.512695 -10387.849609 -10364.682617 -10293.140625 
-10195.248047 -10086.041016 -10018.524414 -9951.569336 -9862.333984 
-9629.372070 -9571.453125 -9569.475586 -9561.705078 -9536.085938 
-9531.402344 -9519.000977 -9507.487305 -9495.686523 -9452.034180 
-9420.957031 -9429.751953 -9431.155273 -9424.070313 -9686.714844 
-10016.507813 -10057.553711 -10125.432617 -10177.560547 -10195.386719 
-10195.444336 -10202.751953 -10160.612305 -10104.416992 -10126.847656 
-10174.150391 -10406.123047 -10608.514648 -10618.531250 -10644.168945 
-10676.868164 -10712.907227 -10753.374023 -10805.540039 -10848.654297 
-10890.407227 -10952.122070 -11048.774414 -11125.633789 -11142.791016 
-11123.043945 0.1E+31 
0.1E+31 0.1E+31 0.1E+31 0.1E+31 0.1E+31 
0.1E+31 0.1E+31 -10477.755859 -10510.821289 -10528.773438 
-10562.204102 -10616.598633 -10675.936523 -10728.600586 -10772.233398 
-10803.184570 -10823.670898 -10836.983398 -10837.070313 -10837.504883 
-10845.742188 -10839.586914 -10823.521484 -10797.698242 -10766.082031 
-10726.362305 -10677.596680 -10638.242188 -10614.312500 -10599.986328 
-10595.041992 -10595.164063 -10576.246094 -10550.450195 -10527.464844 
-10488.067383 -10470.758789 -10511.708984 -10481.646484 -10431.242188 
-10373.656250 -10281.120117 -10176.768555 -10091.962891 -9994.109375 
-9932.529297 -9830.159180 -9679.662109 -9653.669922 -9620.730469 
-9594.903320 -9592.899414 -9578.453125 -9567.271484 -9547.834961 
-9525.721680 -9525.138672 -9492.533203 -9481.959961 -9494.066406 
-9593.418945 -10100.243164 -10139.642578 -10204.472656 -10244.398438 
-10248.168945 -10259.381836 -10248.356445 -10236.445313 -10261.058594 
-10312.391602 -10384.001953 -10668.827148 -10741.475586 -10751.141602 
-10747.516602 -10729.003906 -10744.551758 -10783.734375 -10837.562500 
-10884.395508 -10928.084961 -11021.264648 -11133.745117 -11159.506836 
-11133.502930 0.1E+31 
0.1E+31 0.1E+31 0.1E+31 0.1E+31 0.1E+31 
0.1E+31 0.1E+31 0.1E+31 0.1E+31 -10569.471680 
-10613.406250 -10661.293945 -10721.004883 -10776.438477 -10820.467773 
-10869.484375 -10903.047852 -10911.453125 -10912.914063 -10909.642578 
-10913.187500 -10904.515625 -10888.594727 -10863.498047 -10833.655273 
-10793.712891 -10757.873047 -10727.250000 -10704.584961 -10687.162109 
-10674.735352 -10662.199219 -10645.731445 -10626.422852 -10604.730469 
-10575.458008 -10556.083984 -10618.963867 -10623.849609 -10555.984375 
-10503.084961 -10411.840820 -10318.211914 -10215.373047 -10107.501953 
-9995.578125 -9925.184570 -9868.358398 -9804.235352 -9711.156250 
-9684.786133 -9679.949219 -9676.227539 -9655.332031 -9643.794922 
-9614.160156 -9607.450195 -9598.413086 -9569.823242 -9566.412109 
-9594.551758 -9602.847656 -10247.412109 -10250.254883 -10289.226563 
-10295.102539 -10292.198242 -10307.192383 -10343.399414 -10364.534180 
-10420.408203 -10482.492188 -10609.882813 -10827.725586 -10851.932617 
-10838.094727 -10799.914063 -10788.023438 -10811.296875 -10858.661133 
-10929.670898 -10973.970703 -11061.987305 -11144.821289 -11157.875977 
-11150.010742 0.1E+31 
0.1E+31 0.1E+31 0.1E+31 0.1E+31 0.1E+31 
0.1E+31 0.1E+31 0.1E+31 0.1E+31 0.1E+31 
-10666.408203 -10718.188477 -10774.265625 -10833.733398 -10885.576172 
-10932.933594 -10956.059570 -10977.277344 -10989.199219 -10987.270508 
-10984.381836 -10974.831055 -10950.982422 -10922.865234 -10893.163086 
-10867.943359 -10839.752930 -10816.062500 -10802.479492 -10783.464844 
-10767.724609 -10751.257813 -10733.609375 -10717.235352 -10698.368164 
-10673.899414 -10655.891602 -10734.415039 -10792.399414 -10747.663086 
-10678.526367 -10563.526367 -10440.950195 -10375.773438 -10211.124023 
-10108.599609 -10020.768555 -9960.012695 -9909.902344 -9872.078125 
-9793.973633 -9742.905273 -9749.769531 -9737.966797 -9709.034180 
-9691.762695 -9681.791016 -9672.928711 -9645.129883 -9637.532227 
-9650.850586 -9662.726563 -9797.847656 -10258.627930 -10320.081055 
-10326.535156 -10329.018555 -10351.505859 -10381.640625 -10417.384766 
-10465.296875 -10545.337891 -10636.855469 -10823.682617 -10904.439453 
-10878.303711 -10861.140625 -10843.692383 -10840.205078 -10884.333984 
-10960.693359 -11033.931641 -11113.256836 -11161.939453 -11159.938477 
-11150.086914 0.1E+31 
0.1E+31 0.1E+31 0.1E+31 0.1E+31 0.1E+31 
0.1E+31 0.1E+31 0.1E+31 0.1E+31 0.1E+31 
0.1E+31 0.1E+31 0.1E+31 0.1E+31 0.1E+31 
0.1E+31 -11004.748047 -11028.460938 -11043.185547 -11045.462891 
-11041.089844 -11026.429688 -11011.610352 -10994.620117 -10969.166992 
-10947.482422 -10922.915039 -10908.719727 -10900.507813 -10880.587891 
-10860.083984 -10842.373047 -10829.043945 -10814.692383 -10797.029297 
-10778.714844 -10752.070313 -10802.192383 -10870.536133 -10839.942383 
-10781.570313 -10675.404297 -10554.859375 -10466.487305 -10352.676758 
-10201.644531 -10118.129883 -10054.801758 -10005.698242 -9955.147461 
-9876.049805 -9814.555664 -9784.498047 -9780.565430 -9766.708008 
-9759.541016 -9760.541016 -9745.679688 -9742.963867 -9754.563477 
-9757.666016 -9761.693359 -9735.281250 -9770.247070 -10360.765625 
-10329.358398 -10340.716797 -10400.784180 -10449.517578 -10481.218750 
-10513.961914 -10587.310547 -10665.982422 -10785.271484 -10940.177734 
-10922.773438 -10886.729492 -10874.060547 -10866.283203 -10899.180664 
-10966.284180 -11068.426758 -11137.729492 -11175.586914 -11172.354492 
-11165.411133 0.1E+31 
0.1E+31 0.1E+31 0.1E+31 0.1E+31 0.1E+31 
0.1E+31 0.1E+31 0.1E+31 0.1E+31 0.1E+31 
0.1E+31 0.1E+31 0.1E+31 0.1E+31 0.1E+31 
0.1E+31 0.1E+31 0.1E+31 0.1E+31 0.1E+31 
0.1E+31 -11072.299805 -11068.692383 -11064.890625 -11055.504883 
-11038.501953 -11022.956055 -11008.991211 -10997.224609 -10977.421875 
-10961.349609 -10946.975586 -10933.109375 -10912.746094 -10892.319336 
-10882.581055 -10853.537109 -10870.341797 -10927.474609 -10900.456055 
-10839.492188 -10735.601563 -10641.474609 -10567.364258 -10480.388672 
-10355.134766 -10251.469727 -10123.714844 0.1E+31 0.1E+31 
0.1E+31 0.1E+31 -9837.996094 -9806.559570 -9800.603516 
-9806.083984 -9816.473633 -9813.328125 -9823.298828 -9854.036133 
-9851.451172 -9854.782227 -9831.699219 -9823.912109 -10115.796875 
-10345.768555 -10348.352539 -10433.966797 -10510.505859 -10540.095703 
-10568.208984 -10633.520508 -10709.648438 -10792.743164 -10931.183594 
-10995.037109 -10921.083984 -10891.821289 -10892.970703 -10920.611328 
-10994.458008 -11093.223633 -11164.982422 -11209.078125 -11211.601563 
-11191.609375 0.1E+31 
0.1E+31 0.1E+31 0.1E+31 0.1E+31 0.1E+31 
0.1E+31 0.1E+31 0.1E+31 0.1E+31 0.1E+31 
0.1E+31 0.1E+31 0.1E+31 0.1E+31 0.1E+31 
0.1E+31 0.1E+31 0.1E+31 0.1E+31 0.1E+31 
0.1E+31 0.1E+31 -11130.829102 -11140.015625 -11138.609375 
-11134.089844 -11127.421875 -11115.692383 -11096.681641 -11078.627930 
-11066.117188 -11051.137695 -11034.771484 -11012.593750 -10994.000977 
-10973.630859 -10950.942383 -10931.120117 -10987.837891 -10970.703125 
-10913.492188 -10831.901367 -10739.806641 -10653.187500 -10564.327148 
-10444.160156 0.1E+31 0.1E+31 0.1E+31 0.1E+31 
0.1E+31 0.1E+31 0.1E+31 0.1E+31 0.1E+31 
0.1E+31 0.1E+31 -9832.999023 -9842.855469 -9867.870117 
-9862.120117 -9861.898438 -9888.166992 -9918.991211 -9961.967773 
-10346.622070 -10367.822266 -10432.805664 -10532.246094 -10588.744141 
-10638.079102 -10685.959961 -10744.185547 -10818.253906 -10902.621094 
-11011.644531 -11036.000977 -10923.004883 -10904.375977 -10953.727539 
-11040.155273 -11130.711914 -11199.389648 -11266.359375 -11304.466797 
-11256.395508 0.1E+31 
0.1E+31 0.1E+31 0.1E+31 0.1E+31 0.1E+31 
0.1E+31 0.1E+31 0.1E+31 0.1E+31 0.1E+31 
0.1E+31 0.1E+31 0.1E+31 0.1E+31 0.1E+31 
0.1E+31 0.1E+31 0.1E+31 0.1E+31 0.1E+31 
0.1E+31 0.1E+31 0.1E+31 -11206.283203 -11213.964844 
-11218.422852 -11202.346680 -11193.858398 -11173.842773 -11155.852539 
-11149.842773 -11137.007813 -11123.770508 -11096.382813 -11090.771484 
-11084.000000 -11080.314453 -11049.635742 -11089.981445 -11057.919922 
-10985.004883 -10912.130859 -10815.850586 -10717.653320 0.1E+31 
0.1E+31 0.1E+31 0.1E+31 0.1E+31 0.1E+31 
0.1E+31 0.1E+31 0.1E+31 0.1E+31 0.1E+31 
0.1E+31 0.1E+31 0.1E+31 0.1E+31 0.1E+31 
0.1E+31 0.1E+31 0.1E+31 0.1E+31 0.1E+31 
0.1E+31 -10379.567383 -10432.306641 -10529.282227 -10616.258789 
-10701.453125 -10786.879883 -10824.777344 -10866.738281 -10926.675781 
-10998.888672 -11078.079102 -11097.612305 -10941.550781 -10986.182617 
-11088.960938 -11166.919922 -11228.514648 -11293.053711 -11325.853516 
-11334.358398 0.1E+31 
0.1E+31 0.1E+31 0.1E+31 0.1E+31 0.1E+31 
0.1E+31 0.1E+31 0.1E+31 0.1E+31 0.1E+31 
0.1E+31 0.1E+31 0.1E+31 0.1E+31 0.1E+31 
0.1E+31 0.1E+31 0.1E+31 0.1E+31 0.1E+31 
0.1E+31 0.1E+31 0.1E+31 0.1E+31 -11269.645508 
-11267.983398 -11258.643555 -11248.249023 -11230.238281 -11213.788086 
-11201.666992 -11196.798828 -11187.443359 -11167.374023 -11166.627930 
-11177.634766 -11170.645508 -11130.545898 -11139.511719 -11121.322266 
-11044.073242 -10966.527344 0.1E+31 0.1E+31 0.1E+31 
0.1E+31 0.1E+31 0.1E+31 0.1E+31 0.1E+31 
0.1E+31 0.1E+31 0.1E+31 0.1E+31 0.1E+31 
0.1E+31 0.1E+31 0.1E+31 0.1E+31 0.1E+31 
0.1E+31 0.1E+31 0.1E+31 0.1E+31 0.1E+31 
0.1E+31 -10397.302734 -10468.956055 -10546.989258 -10638.099609 
-10734.234375 -10832.657227 -10877.314453 -10902.845703 -10959.745117 
-11016.505859 -11073.150391 -11152.422852 -11266.366211 -11233.746094 
-11128.606445 -11217.010742 -11276.327148 -11312.003906 -11318.495117 
-11331.925781 0.1E+31 
0.1E+31 0.1E+31 0.1E+31 0.1E+31 0.1E+31 
0.1E+31 0.1E+31 0.1E+31 0.1E+31 0.1E+31 
0.1E+31 0.1E+31 0.1E+31 0.1E+31 0.1E+31 
0.1E+31 0.1E+31 0.1E+31 0.1E+31 0.1E+31 
0.1E+31 0.1E+31 0.1E+31 0.1E+31 0.1E+31 
0.1E+31 0.1E+31 0.1E+31 0.1E+31 0.1E+31 
0.1E+31 0.1E+31 0.1E+31 -11219.293945 -11229.657227 
-11237.498047 -11227.829102 -11188.624023 -11175.399414 -11175.808594 
0.1E+31 0.1E+31 0.1E+31 0.1E+31 0.1E+31 
0.1E+31 0.1E+31 0.1E+31 0.1E+31 0.1E+31 
0.1E+31 0.1E+31 0.1E+31 0.1E+31 0.1E+31 
0.1E+31 0.1E+31 0.1E+31 0.1E+31 0.1E+31 
0.1E+31 0.1E+31 0.1E+31 0.1E+31 0.1E+31 
0.1E+31 -10427.341797 -10533.930664 -10606.571289 -10691.748047 
-10789.986328 -10868.577148 -10945.934570 -10962.284180 -10990.275391 
-11037.405273 -11077.564453 -11170.837891 -11287.255859 -11360.762695 
-11335.961914 -11296.175781 -11336.000000 -11366.614258 -11375.908203 
-11392.879883 0.1E+31 
0.1E+31 0.1E+31 0.1E+31 0.1E+31 0.1E+31 
0.1E+31 0.1E+31 0.1E+31 0.1E+31 0.1E+31 
0.1E+31 0.1E+31 0.1E+31 0.1E+31 0.1E+31 
0.1E+31 0.1E+31 0.1E+31 0.1E+31 0.1E+31 
0.1E+31 0.1E+31 0.1E+31 0.1E+31 0.1E+31 
0.1E+31 0.1E+31 0.1E+31 0.1E+31 0.1E+31 
0.1E+31 0.1E+31 0.1E+31 0.1E+31 0.1E+31 
0.1E+31 0.1E+31 0.1E+31 0.1E+31 0.1E+31 
0.1E+31 0.1E+31 0.1E+31 0.1E+31 0.1E+31 
0.1E+31 0.1E+31 0.1E+31 0.1E+31 0.1E+31 
0.1E+31 0.1E+31 0.1E+31 0.1E+31 0.1E+31 
0.1E+31 0.1E+31 0.1E+31 0.1E+31 0.1E+31 
0.1E+31 0.1E+31 0.1E+31 0.1E+31 0.1E+31 
0.1E+31 0.1E+31 -10542.337891 -10633.589844 -10736.822266 
-10843.630859 -10920.028320 -11018.709961 -11038.936523 -11050.682617 
-11096.457031 -11147.706055 -11213.258789 -11317.591797 -11398.695313 
-11431.425781 -11437.477539 -11450.304688 -11486.162109 -11492.266602 
-11485.732422 0.1E+31 
0.1E+31 0.1E+31 0.1E+31 0.1E+31 0.1E+31 
0.1E+31 0.1E+31 0.1E+31 0.1E+31 0.1E+31 
0.1E+31 0.1E+31 0.1E+31 0.1E+31 0.1E+31 
0.1E+31 0.1E+31 0.1E+31 0.1E+31 0.1E+31 
0.1E+31 0.1E+31 0.1E+31 0.1E+31 0.1E+31 
0.1E+31 0.1E+31 0.1E+31 0.1E+31 0.1E+31 
0.1E+31 0.1E+31 0.1E+31 0.1E+31 0.1E+31 
0.1E+31 0.1E+31 0.1E+31 0.1E+31 0.1E+31 
0.1E+31 0.1E+31 0.1E+31 0.1E+31 0.1E+31 
0.1E+31 0.1E+31 0.1E+31 0.1E+31 0.1E+31 
0.1E+31 0.1E+31 0.1E+31 0.1E+31 0.1E+31 
0.1E+31 0.1E+31 0.1E+31 0.1E+31 0.1E+31 
0.1E+31 0.1E+31 0.1E+31 0.1E+31 0.1E+31 
0.1E+31 0.1E+31 0.1E+31 0.1E+31 0.1E+31 
0.1E+31 -10968.553711 -11053.776367 -11087.852539 -11105.153320 
-11132.966797 -11203.245117 -11269.372070 -11349.813477 -11426.732422 
-11477.708984 -11504.372070 -11551.389648 -11624.040039 -11625.967773 
-11571.240234 0.1E+31 
0.1E+31 0.1E+31 0.1E+31 0.1E+31 0.1E+31 
0.1E+31 0.1E+31 0.1E+31 0.1E+31 0.1E+31 
0.1E+31 0.1E+31 0.1E+31 0.1E+31 0.1E+31 
0.1E+31 0.1E+31 0.1E+31 0.1E+31 0.1E+31 
0.1E+31 0.1E+31 0.1E+31 0.1E+31 0.1E+31 
0.1E+31 0.1E+31 0.1E+31 0.1E+31 0.1E+31 
0.1E+31 0.1E+31 0.1E+31 0.1E+31 0.1E+31 
0.1E+31 0.1E+31 0.1E+31 0.1E+31 0.1E+31 
0.1E+31 0.1E+31 0.1E+31 0.1E+31 0.1E+31 
0.1E+31 0.1E+31 0.1E+31 0.1E+31 0.1E+31 
0.1E+31 0.1E+31 0.1E+31 0.1E+31 0.1E+31 
0.1E+31 0.1E+31 0.1E+31 0.1E+31 0.1E+31 
0.1E+31 0.1E+31 0.1E+31 0.1E+31 0.1E+31 
0.1E+31 0.1E+31 0.1E+31 0.1E+31 0.1E+31 
0.1E+31 0.1E+31 0.1E+31 0.1E+31 0.1E+31 
-11143.833984 -11214.298828 -11291.781250 -11364.223633 -11429.997070 
-11493.936523 -11569.271484 -11618.773438 -11683.208008 -11693.210938 
-11588.705078 0.1E+31 
0.1E+31 0.1E+31 0.1E+31 0.1E+31 0.1E+31 
0.1E+31 0.1E+31 0.1E+31 0.1E+31 0.1E+31 
0.1E+31 0.1E+31 0.1E+31 0.1E+31 0.1E+31 
0.1E+31 0.1E+31 0.1E+31 0.1E+31 0.1E+31 
0.1E+31 0.1E+31 0.1E+31 0.1E+31 0.1E+31 
0.1E+31 0.1E+31 0.1E+31 0.1E+31 0.1E+31 
0.1E+31 0.1E+31 0.1E+31 0.1E+31 0.1E+31 
0.1E+31 0.1E+31 0.1E+31 0.1E+31 0.1E+31 
0.1E+31 0.1E+31 0.1E+31 0.1E+31 0.1E+31 
0.1E+31 0.1E+31 0.1E+31 0.1E+31 0.1E+31 
0.1E+31 0.1E+31 0.1E+31 0.1E+31 0.1E+31 
0.1E+31 0.1E+31 0.1E+31 0.1E+31 0.1E+31 
0.1E+31 0.1E+31 0.1E+31 0.1E+31 0.1E+31 
0.1E+31 0.1E+31 0.1E+31 0.1E+31 0.1E+31 
0.1E+31 0.1E+31 0.1E+31 0.1E+31 0.1E+31 
0.1E+31 0.1E+31 0.1E+31 0.1E+31 0.1E+31 
0.1E+31 0.1E+31 0.1E+31 0.1E+31 0.1E+31 
0.1E+31 0.1E+31 
